0.371000 17.271000 2.138000 136.000000 129.000000 74.000000
0.368000 17.271000 2.137000 136.000000 126.000000 75.000000
0.364000 17.204000 2.221000 31.000000 28.000000 21.000000
0.365000 17.200000 2.225000 45.000000 41.000000 32.000000
0.360000 17.225000 2.212000 30.000000 29.000000 24.000000
0.360000 17.197000 2.244000 66.000000 60.000000 48.000000
0.368000 17.191000 2.225000 57.000000 50.000000 42.000000
0.362000 17.198000 2.236000 69.000000 61.000000 50.000000
0.361000 17.195000 2.242000 67.000000 59.000000 48.000000
0.368000 17.177000 2.243000 68.000000 60.000000 47.000000
0.360000 17.215000 2.224000 48.000000 49.000000 43.000000
0.364000 17.196000 2.232000 76.000000 69.000000 59.000000
0.363000 17.195000 2.237000 69.000000 61.000000 50.000000
0.367000 17.191000 2.229000 62.000000 55.000000 45.000000
0.368000 17.172000 2.246000 68.000000 60.000000 49.000000
0.364000 17.191000 2.239000 68.000000 60.000000 49.000000
0.368000 17.167000 2.253000 67.000000 59.000000 48.000000
0.359000 17.228000 2.210000 30.000000 29.000000 24.000000
0.367000 17.176000 2.247000 68.000000 60.000000 49.000000
0.363000 17.218000 2.210000 28.000000 28.000000 20.000000
0.359000 17.154000 2.292000 68.000000 60.000000 49.000000
0.362000 17.187000 2.250000 69.000000 61.000000 50.000000
0.359000 17.199000 2.246000 66.000000 60.000000 46.000000
0.398000 17.150000 2.293000 80.000000 71.000000 54.000000
0.361000 17.151000 2.311000 66.000000 60.000000 46.000000
0.547000 17.139000 2.266000 92.000000 83.000000 52.000000
0.556000 17.136000 2.275000 94.000000 83.000000 53.000000
0.379000 17.156000 2.267000 66.000000 61.000000 42.000000
0.658000 17.127000 2.266000 95.000000 86.000000 53.000000
0.386000 17.153000 2.279000 77.000000 70.000000 51.000000
0.384000 17.154000 2.277000 72.000000 67.000000 47.000000
0.362000 17.151000 2.310000 66.000000 60.000000 46.000000
0.377000 17.151000 2.306000 66.000000 60.000000 46.000000
0.508000 17.143000 2.264000 90.000000 80.000000 55.000000
0.483000 17.146000 2.262000 90.000000 80.000000 55.000000
0.376000 17.152000 2.294000 68.000000 62.000000 46.000000
0.367000 17.152000 2.304000 65.000000 59.000000 45.000000
0.367000 17.156000 2.273000 67.000000 61.000000 47.000000
0.542000 17.137000 2.280000 92.000000 83.000000 52.000000
0.366000 17.156000 2.275000 67.000000 61.000000 47.000000
0.403000 17.154000 2.261000 78.000000 72.000000 50.000000
0.379000 17.155000 2.275000 70.000000 65.000000 46.000000
0.388000 17.155000 2.264000 76.000000 71.000000 51.000000
0.419000 17.152000 2.268000 80.000000 72.000000 51.000000
0.377000 17.155000 2.275000 67.000000 62.000000 43.000000
0.436000 17.145000 2.302000 82.000000 73.000000 56.000000
0.570000 17.135000 2.276000 94.000000 83.000000 53.000000
0.374000 17.154000 2.285000 65.000000 59.000000 43.000000
0.609000 17.131000 2.274000 95.000000 87.000000 51.000000
0.423000 17.150000 2.275000 82.000000 74.000000 53.000000
0.541000 17.139000 2.270000 91.000000 82.000000 51.000000
0.389000 17.153000 2.282000 78.000000 71.000000 52.000000
0.461000 17.143000 2.297000 83.000000 75.000000 54.000000
0.553000 17.137000 2.275000 92.000000 83.000000 52.000000
0.469000 17.142000 2.300000 84.000000 76.000000 55.000000
0.377000 17.152000 2.298000 68.000000 62.000000 46.000000
0.432000 17.147000 2.287000 81.000000 73.000000 50.000000
0.405000 17.154000 2.262000 78.000000 72.000000 50.000000
0.472000 17.144000 2.282000 86.000000 76.000000 51.000000
0.493000 17.143000 2.277000 90.000000 79.000000 57.000000
0.410000 17.150000 2.282000 81.000000 73.000000 52.000000
0.426000 17.148000 2.288000 81.000000 73.000000 52.000000
0.395000 17.152000 2.286000 79.000000 71.000000 52.000000
0.534000 17.137000 2.283000 90.000000 84.000000 52.000000
0.613000 17.131000 2.269000 94.000000 86.000000 50.000000
0.478000 17.144000 2.275000 88.000000 78.000000 53.000000
0.529000 17.141000 2.266000 88.000000 83.000000 53.000000
0.427000 17.147000 2.293000 83.000000 75.000000 56.000000
0.446000 17.145000 2.295000 82.000000 74.000000 53.000000
0.429000 17.150000 2.269000 81.000000 73.000000 52.000000
0.393000 17.153000 2.278000 76.000000 71.000000 51.000000
0.419000 17.147000 2.300000 80.000000 71.000000 56.000000
0.650000 17.128000 2.267000 93.000000 85.000000 49.000000
0.431000 17.151000 2.261000 81.000000 73.000000 52.000000
0.368000 17.151000 2.310000 66.000000 60.000000 46.000000
0.440000 17.147000 2.286000 82.000000 74.000000 51.000000
0.558000 17.136000 2.274000 95.000000 84.000000 54.000000
0.386000 17.151000 2.293000 78.000000 71.000000 53.000000
0.433000 17.146000 2.294000 82.000000 74.000000 53.000000
0.367000 17.152000 2.305000 65.000000 59.000000 45.000000
0.474000 17.145000 2.277000 87.000000 77.000000 52.000000
0.437000 17.145000 2.300000 81.000000 72.000000 55.000000
0.497000 17.141000 2.286000 87.000000 80.000000 52.000000
0.397000 17.148000 2.310000 71.000000 61.000000 49.000000
0.556000 17.136000 2.276000 94.000000 83.000000 53.000000
0.390000 17.155000 2.266000 77.000000 72.000000 52.000000
0.491000 17.140000 2.297000 85.000000 78.000000 52.000000
0.417000 17.148000 2.297000 81.000000 72.000000 55.000000
0.584000 17.135000 2.264000 96.000000 85.000000 55.000000
0.569000 17.134000 2.280000 94.000000 83.000000 53.000000
0.417000 17.150000 2.277000 81.000000 73.000000 52.000000
0.404000 17.153000 2.266000 79.000000 73.000000 51.000000
0.572000 17.136000 2.270000 94.000000 83.000000 53.000000
0.570000 17.135000 2.276000 94.000000 83.000000 53.000000
0.394000 17.155000 2.262000 78.000000 72.000000 50.000000
0.361000 17.151000 2.315000 66.000000 60.000000 46.000000
0.395000 17.152000 2.279000 81.000000 73.000000 52.000000
0.585000 17.133000 2.280000 98.000000 84.000000 55.000000
0.394000 17.152000 2.284000 80.000000 72.000000 51.000000
0.604000 17.133000 2.267000 94.000000 86.000000 50.000000
0.371000 17.150000 2.316000 68.000000 62.000000 48.000000
0.516000 17.142000 2.265000 88.000000 81.000000 53.000000
0.491000 17.145000 2.265000 91.000000 79.000000 57.000000
0.436000 17.147000 2.284000 82.000000 74.000000 51.000000
0.462000 17.142000 2.302000 83.000000 75.000000 56.000000
0.512000 17.139000 2.290000 89.000000 82.000000 54.000000
0.641000 17.129000 2.265000 93.000000 85.000000 49.000000
0.550000 17.136000 2.279000 92.000000 83.000000 52.000000
0.425000 17.145000 2.308000 75.000000 66.000000 51.000000
0.467000 17.146000 2.271000 87.000000 77.000000 52.000000
0.480000 17.143000 2.283000 89.000000 79.000000 54.000000
0.401000 17.151000 2.288000 81.000000 73.000000 54.000000
0.518000 17.139000 2.281000 88.000000 81.000000 52.000000
0.476000 17.144000 2.283000 88.000000 78.000000 53.000000
0.401000 17.147000 2.309000 72.000000 62.000000 50.000000
0.515000 17.142000 2.263000 88.000000 81.000000 53.000000
0.526000 17.140000 2.271000 89.000000 84.000000 54.000000
0.465000 17.147000 2.267000 86.000000 76.000000 51.000000
0.662000 17.250000 2.137000 124.000000 115.000000 86.000000
0.618000 17.254000 2.137000 115.000000 105.000000 80.000000
0.411000 17.269000 2.139000 101.000000 94.000000 48.000000
0.391000 17.270000 2.139000 101.000000 97.000000 52.000000
0.624000 17.252000 2.138000 119.000000 110.000000 79.000000
0.706000 17.245000 2.137000 130.000000 121.000000 92.000000
0.578000 17.255000 2.139000 108.000000 102.000000 76.000000
0.624000 17.251000 2.139000 119.000000 110.000000 79.000000
0.707000 17.246000 2.137000 130.000000 121.000000 92.000000
0.424000 17.270000 2.137000 99.000000 94.000000 52.000000
0.572000 17.257000 2.138000 108.000000 101.000000 73.000000
0.549000 17.257000 2.139000 107.000000 100.000000 71.000000
0.460000 17.268000 2.136000 21.000000 17.000000 6.000000
0.689000 17.246000 2.138000 126.000000 115.000000 87.000000
0.719000 17.246000 2.136000 132.000000 123.000000 92.000000
0.493000 17.264000 2.137000 100.000000 92.000000 56.000000
0.510000 17.263000 2.137000 97.000000 89.000000 52.000000
0.440000 17.266000 2.140000 102.000000 94.000000 58.000000
0.690000 17.133000 2.280000 92.000000 86.000000 54.000000
0.419000 17.146000 2.312000 71.000000 61.000000 49.000000
0.805000 17.133000 2.281000 88.000000 81.000000 55.000000
0.863000 17.144000 2.305000 83.000000 77.000000 51.000000
0.963000 17.144000 2.304000 79.000000 73.000000 49.000000
0.519000 17.141000 2.300000 88.000000 81.000000 53.000000
1.090000 17.147000 2.310000 66.000000 61.000000 42.000000
0.618000 17.143000 2.304000 89.000000 83.000000 51.000000
0.919000 17.148000 2.313000 71.000000 65.000000 39.000000
0.831000 17.143000 2.303000 84.000000 78.000000 52.000000
0.537000 17.147000 2.314000 74.000000 68.000000 44.000000
0.629000 17.137000 2.290000 93.000000 84.000000 51.000000
0.796000 17.133000 2.279000 88.000000 82.000000 56.000000
1.059000 17.145000 2.307000 63.000000 58.000000 36.000000
0.921000 17.150000 2.319000 70.000000 64.000000 38.000000
0.508000 17.145000 2.308000 80.000000 74.000000 50.000000
0.780000 17.132000 2.277000 89.000000 83.000000 57.000000
0.746000 17.141000 2.298000 87.000000 82.000000 52.000000
0.764000 17.140000 2.296000 89.000000 82.000000 54.000000
0.973000 17.143000 2.301000 79.000000 73.000000 49.000000
0.861000 17.139000 2.294000 84.000000 78.000000 52.000000
0.934000 17.140000 2.295000 82.000000 76.000000 54.000000
0.849000 17.144000 2.306000 76.000000 70.000000 44.000000
0.593000 17.143000 2.304000 90.000000 81.000000 50.000000
0.709000 17.144000 2.307000 83.000000 77.000000 45.000000
0.452000 17.149000 2.318000 71.000000 64.000000 48.000000
0.645000 17.138000 2.292000 93.000000 87.000000 51.000000
0.745000 17.139000 2.293000 89.000000 84.000000 54.000000
0.817000 17.138000 2.292000 88.000000 81.000000 53.000000
0.697000 17.142000 2.302000 89.000000 83.000000 49.000000
0.687000 17.133000 2.282000 93.000000 84.000000 55.000000
0.835000 17.149000 2.317000 74.000000 69.000000 40.000000
0.699000 17.143000 2.304000 92.000000 86.000000 52.000000
0.853000 17.139000 2.293000 86.000000 80.000000 54.000000
0.937000 17.140000 2.296000 81.000000 75.000000 53.000000
0.576000 17.142000 2.301000 90.000000 83.000000 54.000000
0.584000 17.139000 2.295000 92.000000 83.000000 50.000000
0.701000 17.132000 2.277000 92.000000 86.000000 54.000000
0.994000 17.147000 2.311000 67.000000 61.000000 35.000000
0.728000 17.144000 2.306000 80.000000 75.000000 45.000000
0.539000 17.145000 2.308000 85.000000 75.000000 50.000000
0.758000 17.133000 2.280000 91.000000 84.000000 56.000000
0.611000 17.148000 2.316000 76.000000 69.000000 43.000000
0.828000 17.135000 2.285000 87.000000 81.000000 55.000000
0.724000 17.134000 2.283000 91.000000 86.000000 54.000000
0.678000 17.138000 2.293000 90.000000 84.000000 50.000000
0.942000 17.141000 2.297000 81.000000 75.000000 51.000000
0.684000 17.138000 2.292000 92.000000 83.000000 50.000000
0.860000 17.140000 2.295000 84.000000 78.000000 52.000000
0.439000 17.147000 2.315000 68.000000 59.000000 44.000000
0.660000 17.148000 2.316000 75.000000 68.000000 40.000000
0.955000 17.140000 2.296000 81.000000 75.000000 53.000000
0.866000 17.150000 2.319000 72.000000 67.000000 38.000000
1.045000 17.149000 2.316000 63.000000 59.000000 34.000000
0.751000 17.148000 2.315000 78.000000 71.000000 42.000000
0.839000 17.139000 2.293000 86.000000 80.000000 54.000000
1.026000 17.148000 2.313000 64.000000 60.000000 35.000000
0.837000 17.145000 2.308000 76.000000 70.000000 44.000000
1.023000 17.145000 2.306000 70.000000 66.000000 41.000000
1.069000 17.150000 2.318000 65.000000 58.000000 39.000000
0.748000 17.144000 2.305000 86.000000 79.000000 50.000000
0.622000 17.143000 2.305000 88.000000 82.000000 50.000000
0.868000 17.144000 2.305000 83.000000 77.000000 51.000000
0.526000 17.150000 2.320000 74.000000 68.000000 44.000000
0.668000 17.147000 2.313000 76.000000 69.000000 40.000000
0.895000 17.145000 2.307000 75.000000 70.000000 41.000000
0.600000 17.136000 2.289000 95.000000 84.000000 52.000000
0.974000 17.147000 2.310000 67.000000 61.000000 35.000000
0.879000 17.147000 2.312000 71.000000 66.000000 36.000000
0.744000 17.150000 2.319000 78.000000 71.000000 42.000000
0.601000 17.148000 2.316000 80.000000 70.000000 45.000000
0.793000 17.146000 2.309000 74.000000 69.000000 39.000000
0.638000 17.134000 2.284000 92.000000 87.000000 49.000000
0.672000 17.145000 2.308000 84.000000 78.000000 44.000000
1.132000 17.151000 2.319000 70.000000 67.000000 50.000000
1.066000 17.147000 2.312000 66.000000 59.000000 40.000000
0.525000 17.140000 2.297000 88.000000 81.000000 53.000000
0.578000 17.137000 2.291000 95.000000 85.000000 50.000000
0.453000 17.146000 2.312000 73.000000 64.000000 47.000000
0.656000 17.129000 2.272000 94.000000 85.000000 52.000000
0.621000 17.135000 2.286000 94.000000 85.000000 52.000000
0.610000 17.136000 2.288000 93.000000 84.000000 51.000000
0.806000 17.144000 2.306000 76.000000 71.000000 42.000000
0.629000 17.140000 2.298000 90.000000 84.000000 50.000000
0.990000 17.142000 2.301000 77.000000 71.000000 47.000000
0.840000 17.145000 2.308000 71.000000 66.000000 37.000000
1.041000 17.146000 2.310000 65.000000 61.000000 36.000000
0.905000 17.145000 2.308000 69.000000 64.000000 35.000000
0.499000 17.145000 2.309000 79.000000 73.000000 49.000000
0.858000 17.139000 2.293000 85.000000 79.000000 53.000000
0.568000 17.135000 2.287000 95.000000 85.000000 50.000000
0.591000 17.145000 2.308000 84.000000 75.000000 46.000000
0.712000 17.136000 2.287000 88.000000 82.000000 50.000000
0.727000 17.131000 2.275000 90.000000 83.000000 54.000000
0.459000 17.148000 2.316000 70.000000 63.000000 47.000000
0.854000 17.149000 2.316000 73.000000 68.000000 39.000000
0.701000 17.144000 2.306000 84.000000 78.000000 46.000000
0.939000 17.147000 2.312000 70.000000 63.000000 37.000000
0.494000 17.144000 2.306000 88.000000 80.000000 57.000000
0.448000 17.144000 2.307000 77.000000 68.000000 51.000000
0.845000 17.136000 2.287000 86.000000 80.000000 54.000000
0.614000 17.141000 2.298000 93.000000 84.000000 51.000000
0.390000 17.149000 2.318000 68.000000 60.000000 47.000000
0.611000 17.138000 2.293000 93.000000 84.000000 51.000000
0.655000 17.146000 2.311000 76.000000 69.000000 40.000000
0.898000 17.142000 2.301000 83.000000 78.000000 49.000000
0.908000 17.149000 2.316000 71.000000 65.000000 39.000000
0.587000 17.150000 2.320000 79.000000 68.000000 46.000000
0.920000 17.148000 2.315000 71.000000 65.000000 39.000000
1.086000 17.150000 2.318000 68.000000 63.000000 44.000000
0.989000 17.143000 2.301000 77.000000 71.000000 47.000000
0.754000 17.144000 2.304000 87.000000 80.000000 51.000000
0.488000 17.147000 2.314000 73.000000 65.000000 46.000000
0.674000 17.145000 2.307000 84.000000 78.000000 44.000000
0.798000 17.138000 2.291000 88.000000 81.000000 55.000000
0.703000 17.136000 2.289000 92.000000 86.000000 54.000000
0.881000 17.138000 2.291000 85.000000 79.000000 55.000000
0.701000 17.137000 2.289000 91.000000 85.000000 53.000000
0.751000 17.135000 2.286000 90.000000 83.000000 55.000000
0.881000 17.138000 2.292000 85.000000 79.000000 53.000000
1.084000 17.146000 2.308000 68.000000 63.000000 43.000000
0.721000 17.138000 2.293000 90.000000 85.000000 55.000000
0.852000 17.138000 2.292000 87.000000 81.000000 55.000000
0.890000 17.145000 2.306000 74.000000 69.000000 40.000000
0.559000 17.140000 2.298000 90.000000 81.000000 52.000000
0.877000 17.141000 2.299000 84.000000 79.000000 50.000000
0.964000 17.145000 2.307000 70.000000 64.000000 38.000000
0.708000 17.130000 2.275000 92.000000 85.000000 56.000000
0.653000 17.137000 2.290000 92.000000 86.000000 50.000000
0.610000 17.145000 2.308000 81.000000 74.000000 45.000000
0.735000 17.140000 2.297000 86.000000 81.000000 49.000000
0.763000 17.147000 2.312000 73.000000 68.000000 38.000000
0.975000 17.147000 2.311000 67.000000 61.000000 35.000000
0.867000 17.148000 2.314000 72.000000 67.000000 38.000000
0.893000 17.146000 2.310000 69.000000 64.000000 35.000000
0.656000 17.148000 2.315000 76.000000 69.000000 41.000000
0.738000 17.138000 2.292000 88.000000 83.000000 53.000000
0.649000 17.138000 2.293000 92.000000 86.000000 50.000000
0.581000 17.139000 2.295000 93.000000 84.000000 51.000000
0.725000 17.128000 2.270000 93.000000 86.000000 57.000000
0.904000 17.150000 2.319000 70.000000 64.000000 38.000000
0.684000 17.140000 2.296000 91.000000 82.000000 49.000000
0.623000 17.150000 2.321000 78.000000 70.000000 47.000000
0.670000 17.141000 2.298000 91.000000 85.000000 49.000000
0.826000 17.141000 2.298000 87.000000 81.000000 55.000000
0.700000 17.133000 2.280000 92.000000 86.000000 54.000000
0.833000 17.138000 2.290000 87.000000 81.000000 55.000000
0.614000 17.140000 2.296000 93.000000 84.000000 51.000000
0.705000 17.133000 2.281000 92.000000 85.000000 56.000000
1.033000 17.148000 2.313000 63.000000 59.000000 34.000000
0.752000 17.134000 2.284000 90.000000 83.000000 55.000000
0.979000 17.141000 2.299000 78.000000 72.000000 50.000000
0.595000 17.136000 2.287000 95.000000 84.000000 52.000000
0.517000 17.145000 2.309000 81.000000 75.000000 51.000000
0.764000 17.132000 2.278000 89.000000 84.000000 55.000000
0.542000 17.138000 2.292000 93.000000 82.000000 52.000000
1.057000 17.146000 2.308000 63.000000 58.000000 36.000000
0.756000 17.146000 2.309000 78.000000 71.000000 42.000000
0.920000 17.142000 2.300000 83.000000 77.000000 51.000000
0.538000 17.143000 2.304000 95.000000 83.000000 59.000000
0.470000 17.144000 2.308000 77.000000 69.000000 50.000000
0.808000 17.145000 2.307000 76.000000 71.000000 42.000000
0.681000 17.139000 2.296000 91.000000 85.000000 49.000000
0.982000 17.145000 2.306000 71.000000 65.000000 41.000000
0.580000 17.138000 2.293000 93.000000 84.000000 51.000000
1.015000 17.147000 2.311000 65.000000 59.000000 33.000000
0.500000 17.150000 2.319000 75.000000 68.000000 49.000000
0.968000 17.141000 2.299000 79.000000 73.000000 49.000000
0.612000 17.134000 2.283000 94.000000 85.000000 52.000000
0.741000 17.144000 2.306000 83.000000 76.000000 47.000000
0.647000 17.143000 2.303000 92.000000 86.000000 54.000000
0.741000 17.145000 2.308000 75.000000 68.000000 39.000000
0.684000 17.138000 2.292000 92.000000 83.000000 50.000000
1.019000 17.150000 2.317000 65.000000 61.000000 34.000000
0.809000 17.137000 2.289000 87.000000 80.000000 54.000000
0.824000 17.140000 2.297000 87.000000 82.000000 53.000000
0.619000 17.134000 2.284000 94.000000 85.000000 52.000000
0.930000 17.142000 2.299000 82.000000 76.000000 52.000000
0.869000 17.136000 2.286000 85.000000 79.000000 53.000000
0.810000 17.144000 2.305000 84.000000 79.000000 50.000000
0.438000 17.150000 2.321000 70.000000 61.000000 46.000000
0.649000 17.144000 2.306000 83.000000 76.000000 47.000000
0.719000 17.134000 2.283000 90.000000 85.000000 53.000000
0.603000 17.147000 2.312000 79.000000 69.000000 42.000000
0.713000 17.145000 2.309000 77.000000 71.000000 39.000000
0.641000 17.135000 2.286000 92.000000 87.000000 49.000000
0.806000 17.135000 2.284000 88.000000 81.000000 55.000000
0.450000 17.148000 2.315000 71.000000 62.000000 47.000000
0.739000 17.146000 2.310000 75.000000 68.000000 39.000000
0.535000 17.137000 2.289000 89.000000 82.000000 53.000000
0.695000 17.136000 2.289000 90.000000 84.000000 52.000000
0.492000 17.150000 2.320000 74.000000 67.000000 48.000000
0.576000 17.141000 2.298000 90.000000 84.000000 52.000000
1.168000 17.150000 2.318000 69.000000 67.000000 52.000000
1.082000 17.149000 2.316000 67.000000 62.000000 42.000000
0.939000 17.144000 2.304000 81.000000 75.000000 51.000000
0.659000 17.142000 2.302000 89.000000 83.000000 49.000000
0.589000 17.138000 2.293000 94.000000 83.000000 51.000000
0.896000 17.145000 2.307000 76.000000 71.000000 42.000000
1.042000 17.146000 2.309000 63.000000 59.000000 34.000000
0.729000 17.133000 2.282000 91.000000 86.000000 54.000000
0.696000 17.140000 2.297000 89.000000 83.000000 49.000000
1.056000 17.146000 2.308000 63.000000 58.000000 36.000000
0.916000 17.144000 2.306000 73.000000 67.000000 41.000000
0.940000 17.147000 2.312000 70.000000 63.000000 37.000000
1.034000 17.151000 2.319000 66.000000 60.000000 36.000000
0.514000 17.145000 2.309000 80.000000 74.000000 50.000000
0.820000 17.136000 2.287000 88.000000 81.000000 53.000000
0.596000 17.148000 2.316000 79.000000 69.000000 44.000000
0.740000 17.130000 2.275000 91.000000 84.000000 56.000000
0.795000 17.134000 2.282000 90.000000 82.000000 59.000000
0.780000 17.147000 2.313000 76.000000 71.000000 39.000000
0.620000 17.144000 2.306000 80.000000 73.000000 44.000000
0.688000 17.147000 2.312000 77.000000 68.000000 39.000000
0.527000 17.149000 2.317000 73.000000 67.000000 43.000000
0.723000 17.129000 2.273000 92.000000 85.000000 56.000000
0.760000 17.150000 2.320000 75.000000 70.000000 38.000000
0.718000 17.143000 2.303000 90.000000 85.000000 55.000000
0.622000 17.134000 2.283000 95.000000 86.000000 53.000000
0.747000 17.144000 2.306000 81.000000 74.000000 45.000000
0.736000 17.141000 2.299000 86.000000 81.000000 51.000000
0.488000 17.147000 2.314000 73.000000 65.000000 46.000000
0.714000 17.140000 2.296000 89.000000 83.000000 51.000000
0.795000 17.148000 2.314000 76.000000 71.000000 41.000000
0.609000 17.132000 2.279000 93.000000 85.000000 49.000000
0.784000 17.136000 2.287000 89.000000 81.000000 58.000000
0.956000 17.146000 2.310000 69.000000 62.000000 36.000000
0.583000 17.150000 2.320000 76.000000 68.000000 45.000000
0.692000 17.150000 2.319000 77.000000 67.000000 42.000000
0.576000 17.146000 2.310000 76.000000 69.000000 43.000000
0.846000 17.139000 2.294000 86.000000 80.000000 54.000000
0.491000 17.145000 2.309000 80.000000 74.000000 50.000000
0.697000 17.134000 2.284000 90.000000 83.000000 54.000000
0.920000 17.139000 2.294000 83.000000 77.000000 53.000000
0.604000 17.148000 2.316000 77.000000 70.000000 44.000000
0.529000 17.149000 2.317000 73.000000 67.000000 43.000000
0.589000 17.138000 2.292000 95.000000 84.000000 52.000000
0.722000 17.133000 2.281000 91.000000 86.000000 54.000000
0.555000 17.146000 2.311000 76.000000 68.000000 45.000000
0.809000 17.134000 2.283000 88.000000 81.000000 55.000000
0.620000 17.149000 2.317000 76.000000 69.000000 43.000000
0.658000 17.138000 2.293000 91.000000 85.000000 51.000000
0.988000 17.144000 2.304000 78.000000 72.000000 48.000000
0.587000 17.149000 2.317000 79.000000 69.000000 44.000000
0.863000 17.145000 2.307000 78.000000 72.000000 46.000000
0.936000 17.140000 2.295000 82.000000 76.000000 54.000000
1.133000 17.150000 2.318000 69.000000 66.000000 49.000000
0.579000 17.144000 2.306000 81.000000 76.000000 47.000000
0.520000 17.142000 2.302000 87.000000 80.000000 54.000000
0.740000 17.135000 2.286000 89.000000 84.000000 54.000000
0.755000 17.136000 2.288000 89.000000 82.000000 54.000000
0.814000 17.151000 2.320000 75.000000 70.000000 40.000000
1.086000 17.148000 2.314000 67.000000 62.000000 42.000000
0.889000 17.143000 2.302000 85.000000 80.000000 51.000000
0.825000 17.139000 2.294000 88.000000 81.000000 53.000000
1.082000 17.146000 2.310000 67.000000 62.000000 42.000000
0.744000 17.133000 2.281000 89.000000 84.000000 54.000000
0.983000 17.153000 2.320000 68.000000 62.000000 38.000000
1.158000 17.158000 2.319000 70.000000 67.000000 52.000000
0.946000 17.153000 2.320000 70.000000 62.000000 39.000000
1.178000 17.152000 2.319000 72.000000 69.000000 52.000000
1.011000 17.153000 2.320000 68.000000 62.000000 38.000000
1.155000 17.157000 2.319000 71.000000 68.000000 53.000000
1.183000 17.152000 2.319000 70.000000 67.000000 50.000000
0.989000 17.153000 2.320000 67.000000 61.000000 37.000000
0.968000 17.151000 2.320000 68.000000 62.000000 38.000000
1.163000 17.153000 2.319000 70.000000 67.000000 52.000000
0.945000 17.154000 2.320000 70.000000 62.000000 39.000000
1.144000 17.152000 2.319000 69.000000 66.000000 51.000000
1.108000 17.154000 2.320000 66.000000 63.000000 44.000000
0.983000 17.152000 2.320000 68.000000 62.000000 38.000000
0.862000 17.262000 2.138000 125.000000 116.000000 85.000000
0.728000 17.246000 2.138000 129.000000 123.000000 91.000000
0.802000 17.255000 2.138000 131.000000 122.000000 91.000000
0.741000 17.248000 2.137000 127.000000 121.000000 89.000000
0.868000 17.135000 2.283000 85.000000 79.000000 53.000000
0.782000 17.131000 2.269000 90.000000 84.000000 58.000000
1.095000 17.140000 2.219000 121.000000 117.000000 90.000000
0.799000 17.131000 2.267000 88.000000 82.000000 56.000000
0.742000 17.128000 2.257000 94.000000 84.000000 57.000000
1.048000 17.142000 2.271000 78.000000 73.000000 54.000000
1.162000 17.147000 2.281000 82.000000 76.000000 60.000000
1.146000 17.148000 2.309000 69.000000 66.000000 47.000000
1.093000 17.145000 2.287000 80.000000 73.000000 54.000000
0.952000 17.136000 2.249000 83.000000 76.000000 57.000000
0.938000 17.135000 2.235000 108.000000 102.000000 80.000000
1.120000 17.142000 2.242000 82.000000 77.000000 58.000000
1.148000 17.144000 2.246000 78.000000 76.000000 55.000000
1.097000 17.144000 2.283000 80.000000 73.000000 54.000000
1.125000 17.142000 2.238000 75.000000 69.000000 47.000000
1.095000 17.146000 2.305000 72.000000 67.000000 48.000000
0.930000 17.137000 2.279000 81.000000 76.000000 54.000000
0.904000 17.136000 2.280000 83.000000 76.000000 57.000000
1.150000 17.145000 2.262000 81.000000 76.000000 56.000000
0.830000 17.132000 2.262000 87.000000 81.000000 57.000000
1.011000 17.138000 2.246000 81.000000 74.000000 55.000000
1.111000 17.142000 2.241000 77.000000 72.000000 53.000000
1.043000 17.143000 2.292000 78.000000 72.000000 50.000000
1.160000 17.145000 2.253000 79.000000 75.000000 64.000000
1.139000 17.142000 2.223000 135.000000 132.000000 91.000000
1.075000 17.145000 2.303000 78.000000 71.000000 52.000000
1.066000 17.141000 2.255000 75.000000 71.000000 59.000000
0.996000 17.141000 2.290000 81.000000 73.000000 52.000000
1.065000 17.140000 2.242000 79.000000 74.000000 52.000000
1.104000 17.147000 2.310000 69.000000 64.000000 45.000000
0.881000 17.133000 2.248000 83.000000 77.000000 51.000000
1.151000 17.142000 2.217000 127.000000 128.000000 94.000000
0.972000 17.137000 2.249000 81.000000 74.000000 56.000000
0.802000 17.130000 2.253000 90.000000 84.000000 58.000000
1.160000 17.147000 2.289000 81.000000 76.000000 57.000000
1.166000 17.146000 2.269000 79.000000 76.000000 59.000000
0.853000 17.134000 2.274000 86.000000 80.000000 58.000000
1.164000 17.145000 2.256000 80.000000 78.000000 57.000000
1.034000 17.140000 2.253000 79.000000 72.000000 54.000000
1.057000 17.141000 2.261000 78.000000 73.000000 54.000000
1.044000 17.143000 2.286000 80.000000 74.000000 52.000000
0.993000 17.139000 2.266000 80.000000 73.000000 54.000000
1.137000 17.146000 2.282000 80.000000 74.000000 58.000000
1.068000 17.144000 2.299000 77.000000 71.000000 49.000000
1.079000 17.143000 2.275000 80.000000 72.000000 51.000000
1.053000 17.139000 2.230000 114.000000 110.000000 85.000000
0.903000 17.136000 2.269000 85.000000 79.000000 55.000000
0.882000 17.133000 2.241000 102.000000 96.000000 72.000000
1.106000 17.143000 2.261000 80.000000 75.000000 55.000000
0.958000 17.137000 2.254000 83.000000 76.000000 57.000000
1.152000 17.144000 2.242000 76.000000 73.000000 54.000000
1.034000 17.139000 2.243000 76.000000 69.000000 50.000000
1.020000 17.138000 2.241000 86.000000 79.000000 60.000000
1.124000 17.147000 2.303000 77.000000 74.000000 55.000000
1.171000 17.150000 2.312000 68.000000 66.000000 51.000000
0.995000 17.138000 2.254000 80.000000 73.000000 54.000000
1.076000 17.142000 2.259000 78.000000 72.000000 56.000000
0.973000 17.138000 2.258000 80.000000 73.000000 55.000000
1.156000 17.146000 2.265000 82.000000 75.000000 59.000000
1.058000 17.143000 2.280000 80.000000 72.000000 53.000000
1.021000 17.140000 2.265000 79.000000 72.000000 53.000000
1.086000 17.143000 2.270000 79.000000 72.000000 53.000000
0.806000 17.131000 2.266000 89.000000 83.000000 57.000000
0.863000 17.133000 2.253000 87.000000 81.000000 57.000000
1.114000 17.144000 2.268000 81.000000 75.000000 53.000000
0.884000 17.134000 2.252000 86.000000 80.000000 54.000000
1.185000 17.149000 2.296000 79.000000 77.000000 56.000000
0.816000 17.132000 2.269000 88.000000 82.000000 56.000000
1.021000 17.141000 2.278000 80.000000 72.000000 51.000000
1.094000 17.143000 2.268000 80.000000 74.000000 52.000000
1.112000 17.144000 2.270000 80.000000 74.000000 52.000000
1.139000 17.142000 2.228000 136.000000 133.000000 90.000000
1.059000 17.140000 2.241000 75.000000 70.000000 48.000000
0.924000 17.138000 2.290000 83.000000 77.000000 55.000000
0.976000 17.137000 2.250000 82.000000 75.000000 57.000000
0.737000 17.129000 2.267000 94.000000 84.000000 57.000000
1.060000 17.139000 2.223000 117.000000 113.000000 88.000000
1.088000 17.144000 2.277000 78.000000 72.000000 50.000000
1.028000 17.142000 2.286000 80.000000 72.000000 51.000000
0.953000 17.139000 2.284000 83.000000 77.000000 55.000000
0.919000 17.136000 2.269000 84.000000 78.000000 56.000000
1.085000 17.143000 2.267000 79.000000 72.000000 53.000000
1.001000 17.141000 2.283000 81.000000 73.000000 54.000000
1.132000 17.147000 2.298000 79.000000 76.000000 57.000000
1.075000 17.142000 2.256000 78.000000 72.000000 58.000000
1.039000 17.139000 2.246000 78.000000 71.000000 52.000000
1.048000 17.142000 2.274000 78.000000 73.000000 54.000000
1.104000 17.145000 2.284000 80.000000 73.000000 54.000000
1.127000 17.142000 2.236000 101.000000 95.000000 71.000000
1.053000 17.139000 2.229000 115.000000 111.000000 86.000000
1.001000 17.137000 2.228000 112.000000 107.000000 85.000000
1.032000 17.138000 2.225000 113.000000 108.000000 86.000000
1.100000 17.146000 2.299000 78.000000 73.000000 54.000000
1.170000 17.149000 2.306000 69.000000 66.000000 49.000000
0.931000 17.138000 2.286000 83.000000 77.000000 55.000000
1.090000 17.145000 2.302000 78.000000 73.000000 53.000000
0.991000 17.140000 2.281000 81.000000 73.000000 54.000000
1.174000 17.147000 2.276000 82.000000 76.000000 60.000000
1.156000 17.146000 2.270000 82.000000 74.000000 61.000000
0.932000 17.138000 2.281000 82.000000 76.000000 54.000000
0.991000 17.137000 2.245000 81.000000 76.000000 57.000000
0.732000 17.129000 2.269000 94.000000 84.000000 57.000000
1.095000 17.140000 2.218000 121.000000 117.000000 90.000000
0.771000 17.130000 2.273000 91.000000 86.000000 57.000000
1.165000 17.146000 2.263000 79.000000 76.000000 57.000000
1.108000 17.142000 2.239000 73.000000 68.000000 49.000000
0.941000 17.137000 2.271000 83.000000 77.000000 55.000000
1.044000 17.143000 2.291000 78.000000 72.000000 50.000000
0.925000 17.135000 2.245000 83.000000 78.000000 56.000000
1.019000 17.140000 2.261000 80.000000 73.000000 54.000000
0.888000 17.135000 2.273000 85.000000 79.000000 55.000000
1.064000 17.141000 2.247000 74.000000 69.000000 49.000000
0.860000 17.134000 2.271000 86.000000 80.000000 58.000000
0.981000 17.141000 2.296000 79.000000 71.000000 50.000000
0.971000 17.138000 2.263000 81.000000 74.000000 55.000000
0.879000 17.133000 2.247000 84.000000 78.000000 52.000000
0.872000 17.135000 2.279000 85.000000 79.000000 57.000000
0.830000 17.133000 2.279000 87.000000 81.000000 59.000000
1.110000 17.146000 2.302000 77.000000 72.000000 53.000000
0.921000 17.135000 2.246000 83.000000 77.000000 55.000000
0.987000 17.138000 2.249000 82.000000 75.000000 57.000000
1.160000 17.143000 2.222000 215.000000 215.000000 215.000000
1.123000 17.141000 2.222000 125.000000 123.000000 84.000000
1.110000 17.144000 2.264000 80.000000 75.000000 55.000000
1.150000 17.146000 2.273000 80.000000 75.000000 56.000000
0.993000 17.138000 2.248000 82.000000 75.000000 56.000000
1.166000 17.142000 2.214000 50.000000 49.000000 57.000000
0.945000 17.136000 2.257000 85.000000 79.000000 57.000000
0.897000 17.135000 2.271000 85.000000 79.000000 55.000000
1.146000 17.143000 2.241000 81.000000 79.000000 56.000000
1.008000 17.137000 2.234000 112.000000 107.000000 87.000000
1.140000 17.148000 2.313000 69.000000 66.000000 49.000000
0.883000 17.133000 2.248000 84.000000 78.000000 54.000000
0.960000 17.139000 2.280000 82.000000 76.000000 54.000000
0.740000 17.128000 2.262000 94.000000 84.000000 57.000000
0.972000 17.139000 2.282000 81.000000 73.000000 54.000000
1.136000 17.143000 2.241000 83.000000 77.000000 55.000000
1.133000 17.142000 2.224000 132.000000 128.000000 90.000000
1.022000 17.142000 2.296000 77.000000 73.000000 48.000000
1.114000 17.141000 2.228000 123.000000 121.000000 96.000000
1.083000 17.142000 2.256000 76.000000 73.000000 58.000000
0.936000 17.136000 2.260000 83.000000 78.000000 56.000000
1.118000 17.145000 2.278000 78.000000 72.000000 58.000000
0.704000 17.127000 2.262000 93.000000 86.000000 57.000000
0.842000 17.133000 2.274000 87.000000 81.000000 59.000000
0.911000 17.134000 2.239000 110.000000 103.000000 84.000000
0.902000 17.135000 2.258000 85.000000 79.000000 55.000000
0.950000 17.137000 2.256000 83.000000 76.000000 57.000000
1.102000 17.143000 2.257000 78.000000 73.000000 54.000000
1.041000 17.139000 2.236000 111.000000 106.000000 84.000000
0.905000 17.134000 2.243000 101.000000 95.000000 73.000000
1.159000 17.148000 2.294000 81.000000 76.000000 57.000000
1.018000 17.142000 2.292000 78.000000 72.000000 48.000000
1.159000 17.144000 2.238000 79.000000 80.000000 64.000000
1.133000 17.148000 2.307000 70.000000 67.000000 48.000000
0.905000 17.134000 2.254000 85.000000 79.000000 55.000000
0.995000 17.138000 2.255000 80.000000 73.000000 54.000000
0.941000 17.137000 2.272000 83.000000 77.000000 55.000000
0.859000 17.133000 2.265000 87.000000 81.000000 57.000000
0.980000 17.138000 2.260000 80.000000 73.000000 54.000000
0.767000 17.130000 2.267000 90.000000 85.000000 56.000000
1.019000 17.138000 2.243000 79.000000 72.000000 53.000000
0.964000 17.138000 2.263000 83.000000 75.000000 56.000000
1.049000 17.140000 2.251000 77.000000 72.000000 53.000000
1.125000 17.146000 2.290000 80.000000 75.000000 56.000000
1.089000 17.141000 2.237000 95.000000 90.000000 68.000000
1.007000 17.140000 2.266000 79.000000 73.000000 51.000000
1.024000 17.140000 2.260000 80.000000 73.000000 55.000000
1.144000 17.141000 2.212000 133.000000 132.000000 88.000000
0.939000 17.138000 2.289000 83.000000 77.000000 55.000000
0.967000 17.138000 2.267000 84.000000 76.000000 57.000000
0.884000 17.135000 2.278000 84.000000 78.000000 54.000000
1.160000 17.142000 2.216000 217.000000 217.000000 219.000000
1.000000 17.138000 2.244000 79.000000 74.000000 54.000000
0.876000 17.133000 2.242000 104.000000 98.000000 74.000000
0.906000 17.137000 2.284000 83.000000 76.000000 57.000000
1.125000 17.141000 2.219000 131.000000 127.000000 89.000000
1.090000 17.144000 2.278000 80.000000 74.000000 52.000000
1.140000 17.142000 2.222000 135.000000 132.000000 91.000000
0.744000 17.128000 2.258000 94.000000 84.000000 57.000000
1.182000 17.146000 2.260000 82.000000 77.000000 58.000000
1.037000 17.141000 2.274000 79.000000 72.000000 53.000000
0.992000 17.139000 2.269000 81.000000 73.000000 54.000000
1.066000 17.143000 2.274000 79.000000 71.000000 50.000000
1.033000 17.140000 2.253000 79.000000 72.000000 54.000000
1.147000 17.147000 2.297000 80.000000 75.000000 56.000000
0.909000 17.137000 2.287000 83.000000 77.000000 55.000000
1.112000 17.142000 2.235000 96.000000 91.000000 72.000000
0.993000 17.140000 2.275000 81.000000 73.000000 54.000000
0.827000 17.131000 2.255000 86.000000 80.000000 56.000000
0.794000 17.131000 2.266000 88.000000 82.000000 56.000000
1.048000 17.141000 2.261000 78.000000 73.000000 54.000000
0.828000 17.133000 2.276000 87.000000 81.000000 59.000000
0.998000 17.138000 2.243000 79.000000 74.000000 54.000000
1.169000 17.148000 2.288000 82.000000 77.000000 58.000000
1.142000 17.144000 2.246000 80.000000 75.000000 53.000000
1.099000 17.142000 2.242000 78.000000 73.000000 54.000000
0.892000 17.136000 2.281000 84.000000 78.000000 56.000000
1.137000 17.147000 2.298000 79.000000 76.000000 57.000000
1.023000 17.138000 2.241000 85.000000 78.000000 59.000000
0.859000 17.132000 2.247000 86.000000 80.000000 56.000000
1.039000 17.142000 2.287000 79.000000 73.000000 51.000000
0.978000 17.140000 2.283000 81.000000 73.000000 54.000000
0.769000 17.129000 2.261000 92.000000 85.000000 57.000000
1.053000 17.139000 2.233000 115.000000 111.000000 86.000000
0.850000 17.134000 2.276000 86.000000 80.000000 58.000000
0.995000 17.138000 2.253000 80.000000 73.000000 54.000000
1.077000 17.140000 2.235000 98.000000 93.000000 71.000000
1.117000 17.141000 2.223000 122.000000 121.000000 91.000000
1.096000 17.143000 2.262000 79.000000 74.000000 54.000000
1.122000 17.146000 2.289000 80.000000 75.000000 56.000000
0.903000 17.135000 2.265000 86.000000 80.000000 56.000000
1.101000 17.143000 2.264000 80.000000 75.000000 55.000000
1.080000 17.144000 2.286000 79.000000 73.000000 51.000000
1.132000 17.148000 2.313000 68.000000 65.000000 48.000000
0.995000 17.138000 2.258000 80.000000 73.000000 54.000000
1.170000 17.148000 2.287000 82.000000 77.000000 58.000000
0.979000 17.138000 2.265000 81.000000 74.000000 55.000000
1.027000 17.139000 2.251000 80.000000 73.000000 55.000000
0.864000 17.134000 2.270000 86.000000 80.000000 56.000000
0.966000 17.137000 2.255000 83.000000 75.000000 56.000000
1.187000 17.148000 2.284000 81.000000 76.000000 57.000000
0.917000 17.134000 2.245000 88.000000 82.000000 60.000000
1.061000 17.140000 2.237000 109.000000 105.000000 80.000000
0.983000 17.140000 2.292000 80.000000 72.000000 51.000000
0.918000 17.137000 2.287000 83.000000 76.000000 57.000000
0.878000 17.134000 2.261000 86.000000 80.000000 54.000000
1.075000 17.141000 2.243000 77.000000 72.000000 53.000000
0.855000 17.133000 2.258000 86.000000 80.000000 56.000000
1.090000 17.141000 2.239000 75.000000 70.000000 50.000000
0.861000 17.134000 2.268000 87.000000 81.000000 57.000000
0.936000 17.137000 2.275000 82.000000 77.000000 55.000000
1.155000 17.145000 2.259000 81.000000 75.000000 59.000000
0.916000 17.135000 2.254000 85.000000 79.000000 55.000000
1.124000 17.142000 2.233000 131.000000 126.000000 97.000000
0.997000 17.141000 2.296000 79.000000 73.000000 51.000000
0.952000 17.138000 2.274000 82.000000 75.000000 56.000000
0.828000 17.133000 2.281000 87.000000 81.000000 55.000000
1.137000 17.147000 2.298000 79.000000 76.000000 57.000000
1.127000 17.141000 2.217000 131.000000 127.000000 89.000000
0.955000 17.139000 2.282000 82.000000 76.000000 54.000000
1.057000 17.140000 2.239000 75.000000 70.000000 48.000000
1.171000 17.143000 2.224000 49.000000 47.000000 48.000000
1.135000 17.141000 2.219000 132.000000 128.000000 90.000000
0.795000 17.131000 2.266000 88.000000 82.000000 56.000000
0.935000 17.138000 2.291000 82.000000 76.000000 54.000000
1.092000 17.142000 2.254000 76.000000 73.000000 56.000000
1.070000 17.142000 2.264000 77.000000 71.000000 55.000000
0.968000 17.136000 2.233000 110.000000 102.000000 83.000000
0.813000 17.132000 2.266000 88.000000 82.000000 56.000000
0.779000 17.131000 2.273000 90.000000 84.000000 58.000000
1.175000 17.149000 2.302000 76.000000 73.000000 54.000000
0.866000 17.133000 2.256000 85.000000 79.000000 55.000000
1.144000 17.145000 2.259000 79.000000 77.000000 54.000000
1.064000 17.140000 2.243000 79.000000 74.000000 52.000000
1.124000 17.143000 2.248000 79.000000 73.000000 59.000000
0.781000 17.129000 2.253000 90.000000 84.000000 58.000000
1.153000 17.144000 2.238000 74.000000 73.000000 53.000000
1.162000 17.144000 2.241000 71.000000 65.000000 51.000000
0.969000 17.140000 2.288000 80.000000 74.000000 52.000000
1.155000 17.145000 2.260000 81.000000 76.000000 57.000000
0.714000 17.128000 2.266000 92.000000 85.000000 56.000000
1.034000 17.139000 2.250000 79.000000 72.000000 54.000000
0.916000 17.137000 2.275000 83.000000 77.000000 55.000000
0.884000 17.134000 2.258000 85.000000 79.000000 53.000000
1.015000 17.138000 2.239000 85.000000 80.000000 60.000000
1.165000 17.147000 2.277000 82.000000 76.000000 60.000000
0.980000 17.139000 2.275000 81.000000 73.000000 54.000000
0.848000 17.134000 2.281000 85.000000 79.000000 53.000000
0.807000 17.130000 2.250000 91.000000 86.000000 57.000000
0.854000 17.132000 2.250000 87.000000 81.000000 57.000000
1.028000 17.140000 2.261000 80.000000 73.000000 55.000000
1.111000 17.142000 2.236000 96.000000 91.000000 72.000000
1.117000 17.143000 2.256000 79.000000 74.000000 54.000000
1.169000 17.147000 2.274000 80.000000 77.000000 62.000000
1.005000 17.137000 2.228000 112.000000 107.000000 85.000000
1.056000 17.139000 2.237000 106.000000 102.000000 77.000000
1.108000 17.142000 2.245000 77.000000 74.000000 55.000000
1.031000 17.139000 2.247000 79.000000 72.000000 54.000000
1.056000 17.143000 2.290000 78.000000 71.000000 52.000000
1.090000 17.141000 2.240000 75.000000 70.000000 50.000000
0.758000 17.129000 2.256000 91.000000 84.000000 56.000000
1.004000 17.142000 2.295000 80.000000 72.000000 51.000000
0.995000 17.141000 2.288000 81.000000 73.000000 52.000000
0.707000 17.127000 2.263000 93.000000 86.000000 57.000000
1.091000 17.142000 2.246000 78.000000 75.000000 56.000000
0.881000 17.262000 2.137000 128.000000 118.000000 91.000000
0.948000 17.259000 2.138000 95.000000 87.000000 66.000000
0.880000 17.263000 2.136000 123.000000 114.000000 85.000000
0.910000 17.261000 2.138000 85.000000 76.000000 59.000000
1.193000 17.148000 2.256000 81.000000 76.000000 57.000000
1.202000 17.151000 2.252000 82.000000 75.000000 57.000000
1.190000 17.150000 2.297000 77.000000 75.000000 54.000000
1.187000 17.145000 2.225000 77.000000 71.000000 55.000000
1.202000 17.150000 2.236000 80.000000 73.000000 55.000000
1.188000 17.148000 2.283000 81.000000 76.000000 57.000000
1.189000 17.147000 2.256000 81.000000 76.000000 57.000000
1.196000 17.149000 2.261000 79.000000 74.000000 55.000000
1.214000 17.154000 2.263000 78.000000 71.000000 55.000000
1.186000 17.147000 2.266000 80.000000 75.000000 56.000000
1.204000 17.152000 2.261000 80.000000 75.000000 56.000000
1.199000 17.152000 2.295000 77.000000 75.000000 54.000000
1.193000 17.151000 2.308000 68.000000 65.000000 46.000000
1.185000 17.145000 2.230000 97.000000 89.000000 76.000000
1.199000 17.150000 2.253000 80.000000 73.000000 55.000000
1.208000 17.153000 2.266000 77.000000 72.000000 53.000000
1.203000 17.150000 2.239000 78.000000 71.000000 53.000000
1.190000 17.147000 2.251000 80.000000 75.000000 56.000000
1.201000 17.152000 2.281000 79.000000 74.000000 55.000000
1.208000 17.162000 2.273000 80.000000 75.000000 56.000000
1.200000 17.168000 2.288000 69.000000 66.000000 47.000000
1.229000 17.200000 2.203000 76.000000 70.000000 54.000000
1.213000 17.194000 2.242000 80.000000 74.000000 58.000000
1.232000 17.222000 2.181000 79.000000 73.000000 57.000000
1.231000 17.233000 2.175000 80.000000 74.000000 58.000000
1.205000 17.178000 2.270000 74.000000 71.000000 52.000000
1.224000 17.207000 2.208000 79.000000 73.000000 57.000000
1.201000 17.168000 2.285000 70.000000 67.000000 48.000000
1.215000 17.196000 2.235000 80.000000 74.000000 58.000000
1.208000 17.160000 2.276000 79.000000 74.000000 55.000000
1.215000 17.196000 2.235000 80.000000 74.000000 58.000000
1.230000 17.223000 2.185000 80.000000 74.000000 58.000000
1.207000 17.164000 2.274000 79.000000 74.000000 55.000000
1.208000 17.185000 2.259000 77.000000 74.000000 55.000000
1.222000 17.184000 2.229000 78.000000 71.000000 55.000000
1.226000 17.193000 2.212000 77.000000 70.000000 54.000000
1.219000 17.198000 2.226000 81.000000 75.000000 59.000000
1.214000 17.169000 2.255000 78.000000 71.000000 53.000000
1.214000 17.160000 2.263000 78.000000 73.000000 54.000000
1.213000 17.185000 2.249000 81.000000 74.000000 58.000000
1.222000 17.196000 2.220000 79.000000 72.000000 56.000000
1.204000 17.159000 2.285000 77.000000 74.000000 55.000000
1.236000 17.230000 2.166000 79.000000 72.000000 56.000000
1.231000 17.232000 2.177000 81.000000 75.000000 59.000000
1.210000 17.159000 2.272000 79.000000 74.000000 55.000000
1.206000 17.153000 2.283000 78.000000 73.000000 53.000000
1.239000 17.247000 2.150000 80.000000 73.000000 55.000000
1.219000 17.198000 2.226000 80.000000 74.000000 58.000000
1.217000 17.175000 2.246000 77.000000 70.000000 52.000000
1.205000 17.160000 2.283000 77.000000 74.000000 55.000000
1.209000 17.164000 2.270000 79.000000 74.000000 55.000000
1.219000 17.181000 2.236000 79.000000 72.000000 54.000000
1.216000 17.183000 2.242000 80.000000 73.000000 57.000000
1.228000 17.208000 2.199000 78.000000 72.000000 56.000000
1.240000 17.255000 2.178000 80.000000 75.000000 56.000000
1.235000 17.250000 2.254000 69.000000 66.000000 49.000000
1.210000 17.195000 2.293000 68.000000 65.000000 50.000000
1.232000 17.242000 2.237000 67.000000 64.000000 47.000000
1.207000 17.186000 2.262000 75.000000 72.000000 53.000000
1.210000 17.192000 2.267000 67.000000 66.000000 46.000000
1.223000 17.218000 2.208000 79.000000 73.000000 57.000000
1.233000 17.239000 2.189000 79.000000 76.000000 57.000000
1.241000 17.255000 2.158000 80.000000 73.000000 55.000000
1.217000 17.207000 2.249000 69.000000 66.000000 49.000000
1.212000 17.197000 2.262000 67.000000 66.000000 46.000000
1.240000 17.256000 2.168000 79.000000 74.000000 55.000000
1.234000 17.247000 2.245000 67.000000 64.000000 47.000000
1.208000 17.192000 2.306000 67.000000 64.000000 47.000000
1.220000 17.215000 2.242000 68.000000 65.000000 48.000000
1.226000 17.226000 2.216000 77.000000 74.000000 57.000000
1.236000 17.246000 2.184000 77.000000 74.000000 55.000000
1.211000 17.195000 2.275000 68.000000 65.000000 48.000000
1.214000 17.200000 2.256000 67.000000 66.000000 46.000000
1.224000 17.229000 2.296000 75.000000 68.000000 50.000000
1.227000 17.234000 2.281000 72.000000 67.000000 48.000000
1.202000 17.177000 2.312000 69.000000 66.000000 49.000000
1.236000 17.248000 2.199000 74.000000 71.000000 54.000000
1.222000 17.219000 2.240000 68.000000 65.000000 48.000000
1.229000 17.236000 2.233000 67.000000 64.000000 47.000000
1.199000 17.171000 2.309000 69.000000 66.000000 49.000000
1.227000 17.226000 2.198000 77.000000 74.000000 57.000000
1.224000 17.228000 2.289000 72.000000 66.000000 50.000000
1.229000 17.233000 2.228000 68.000000 65.000000 48.000000
1.208000 17.190000 2.295000 69.000000 66.000000 51.000000
1.207000 17.185000 2.276000 69.000000 66.000000 47.000000
1.225000 17.224000 2.233000 69.000000 66.000000 49.000000
1.218000 17.208000 2.235000 76.000000 73.000000 56.000000
1.219000 17.216000 2.289000 69.000000 63.000000 47.000000
1.234000 17.248000 2.247000 67.000000 64.000000 47.000000
1.209000 17.194000 2.296000 68.000000 65.000000 50.000000
1.210000 17.192000 2.274000 67.000000 66.000000 48.000000
1.219000 17.212000 2.243000 68.000000 65.000000 48.000000
1.214000 17.200000 2.251000 72.000000 69.000000 52.000000
1.213000 17.197000 2.245000 79.000000 76.000000 59.000000
1.216000 17.206000 2.260000 67.000000 66.000000 48.000000
1.212000 17.196000 2.268000 67.000000 66.000000 46.000000
1.236000 17.248000 2.199000 71.000000 68.000000 51.000000
1.233000 17.240000 2.194000 77.000000 74.000000 55.000000
1.225000 17.230000 2.288000 73.000000 67.000000 51.000000
1.239000 17.251000 2.148000 79.000000 72.000000 54.000000
1.233000 17.244000 2.243000 66.000000 63.000000 46.000000
1.218000 17.211000 2.261000 68.000000 65.000000 48.000000
1.231000 17.245000 2.291000 77.000000 72.000000 53.000000
1.210000 17.192000 2.254000 79.000000 76.000000 59.000000
1.236000 17.247000 2.186000 78.000000 75.000000 56.000000
1.231000 17.236000 2.186000 78.000000 72.000000 56.000000
1.228000 17.238000 2.282000 72.000000 67.000000 48.000000
1.217000 17.206000 2.242000 74.000000 71.000000 54.000000
1.213000 17.200000 2.272000 68.000000 65.000000 48.000000
1.234000 17.251000 2.266000 74.000000 67.000000 49.000000
1.214000 17.202000 2.255000 69.000000 66.000000 49.000000
1.212000 17.202000 2.306000 70.000000 65.000000 46.000000
1.204000 17.178000 2.277000 70.000000 67.000000 48.000000
1.226000 17.227000 2.236000 67.000000 64.000000 47.000000
1.229000 17.239000 2.280000 73.000000 68.000000 49.000000
1.218000 17.213000 2.278000 68.000000 65.000000 48.000000
1.216000 17.207000 2.276000 68.000000 65.000000 48.000000
1.217000 17.211000 2.279000 68.000000 65.000000 48.000000
1.221000 17.219000 2.276000 67.000000 64.000000 47.000000
1.233000 17.242000 2.211000 67.000000 64.000000 47.000000
1.224000 17.226000 2.274000 70.000000 64.000000 48.000000
1.196000 17.162000 2.301000 70.000000 65.000000 46.000000
1.236000 17.250000 2.223000 67.000000 64.000000 47.000000
1.222000 17.216000 2.225000 79.000000 73.000000 57.000000
1.199000 17.170000 2.292000 69.000000 66.000000 47.000000
1.221000 17.217000 2.259000 68.000000 65.000000 48.000000
1.222000 17.226000 2.303000 76.000000 69.000000 51.000000
1.226000 17.224000 2.199000 79.000000 73.000000 57.000000
1.227000 17.232000 2.244000 67.000000 66.000000 48.000000
1.213000 17.202000 2.285000 68.000000 65.000000 48.000000
1.218000 17.212000 2.257000 68.000000 65.000000 48.000000
1.219000 17.215000 2.280000 69.000000 63.000000 47.000000
1.194000 17.158000 2.319000 68.000000 66.000000 51.000000
1.235000 17.252000 2.250000 71.000000 65.000000 49.000000
1.220000 17.220000 2.307000 76.000000 69.000000 50.000000
1.237000 17.251000 2.196000 71.000000 68.000000 51.000000
1.240000 17.254000 2.165000 75.000000 72.000000 53.000000
1.222000 17.222000 2.288000 71.000000 65.000000 49.000000
1.230000 17.232000 2.189000 79.000000 73.000000 57.000000
1.226000 17.225000 2.217000 77.000000 74.000000 57.000000
1.224000 17.224000 2.246000 67.000000 66.000000 48.000000
1.215000 17.202000 2.232000 80.000000 74.000000 58.000000
1.211000 17.199000 2.305000 69.000000 64.000000 45.000000
1.284000 17.266000 2.277000 95.000000 88.000000 72.000000
1.249000 17.255000 2.281000 78.000000 71.000000 53.000000
1.292000 17.270000 2.215000 138.000000 134.000000 96.000000
1.244000 17.254000 2.279000 77.000000 70.000000 52.000000
1.274000 17.262000 2.306000 95.000000 87.000000 74.000000
1.249000 17.257000 2.219000 67.000000 66.000000 48.000000
1.279000 17.266000 2.195000 140.000000 135.000000 95.000000
1.267000 17.262000 2.228000 123.000000 121.000000 96.000000
1.276000 17.265000 2.191000 139.000000 134.000000 94.000000
1.306000 17.273000 2.244000 119.000000 115.000000 86.000000
1.264000 17.261000 2.229000 86.000000 84.000000 59.000000
1.267000 17.260000 2.294000 91.000000 84.000000 68.000000
1.267000 17.263000 2.202000 136.000000 134.000000 93.000000
1.249000 17.257000 2.237000 67.000000 64.000000 47.000000
1.240000 17.254000 2.245000 70.000000 64.000000 50.000000
1.236000 17.251000 2.297000 79.000000 72.000000 54.000000
1.241000 17.253000 2.300000 80.000000 73.000000 55.000000
1.249000 17.259000 2.162000 76.000000 70.000000 56.000000
1.287000 17.268000 2.220000 128.000000 129.000000 87.000000
1.294000 17.269000 2.239000 117.000000 112.000000 90.000000
1.320000 17.275000 2.301000 94.000000 87.000000 71.000000
1.283000 17.266000 2.236000 118.000000 114.000000 87.000000
1.297000 17.269000 2.307000 94.000000 86.000000 73.000000
1.313000 17.274000 2.291000 95.000000 88.000000 72.000000
1.255000 17.258000 2.238000 67.000000 65.000000 44.000000
1.248000 17.255000 2.286000 78.000000 71.000000 53.000000
1.303000 17.272000 2.252000 111.000000 106.000000 86.000000
1.303000 17.271000 2.285000 94.000000 87.000000 71.000000
1.287000 17.268000 2.230000 120.000000 119.000000 88.000000
1.296000 17.270000 2.264000 102.000000 97.000000 77.000000
1.303000 17.273000 2.217000 140.000000 137.000000 102.000000
1.256000 17.260000 2.171000 73.000000 70.000000 55.000000
1.251000 17.259000 2.155000 79.000000 73.000000 59.000000
1.252000 17.257000 2.264000 77.000000 70.000000 54.000000
1.265000 17.261000 2.235000 84.000000 82.000000 57.000000
1.299000 17.271000 2.222000 132.000000 133.000000 89.000000
1.254000 17.258000 2.249000 72.000000 67.000000 48.000000
1.247000 17.254000 2.306000 81.000000 74.000000 56.000000
1.286000 17.266000 2.287000 93.000000 86.000000 70.000000
1.243000 17.255000 2.244000 70.000000 64.000000 50.000000
1.241000 17.255000 2.196000 66.000000 63.000000 44.000000
1.242000 17.254000 2.265000 73.000000 66.000000 48.000000
1.301000 17.270000 2.301000 94.000000 86.000000 73.000000
1.244000 17.255000 2.238000 67.000000 64.000000 49.000000
1.248000 17.255000 2.283000 78.000000 71.000000 53.000000
1.255000 17.260000 2.184000 66.000000 60.000000 48.000000
1.290000 17.267000 2.284000 95.000000 88.000000 72.000000
1.245000 17.257000 2.177000 77.000000 73.000000 48.000000
1.292000 17.269000 2.238000 120.000000 116.000000 91.000000
1.306000 17.271000 2.300000 94.000000 86.000000 73.000000
1.292000 17.268000 2.264000 102.000000 97.000000 77.000000
1.263000 17.262000 2.190000 94.000000 91.000000 60.000000
1.252000 17.257000 2.249000 70.000000 64.000000 48.000000
1.253000 17.257000 2.282000 78.000000 71.000000 53.000000
1.257000 17.261000 2.157000 72.000000 67.000000 48.000000
1.260000 17.261000 2.203000 65.000000 60.000000 41.000000
1.256000 17.260000 2.197000 66.000000 60.000000 48.000000
1.309000 17.272000 2.307000 94.000000 86.000000 73.000000
1.290000 17.269000 2.200000 141.000000 138.000000 103.000000
1.307000 17.273000 2.229000 127.000000 128.000000 88.000000
1.269000 17.262000 2.259000 105.000000 98.000000 80.000000
1.279000 17.266000 2.201000 137.000000 134.000000 91.000000
1.271000 17.262000 2.256000 107.000000 100.000000 82.000000
1.294000 17.270000 2.235000 120.000000 119.000000 89.000000
1.294000 17.269000 2.249000 111.000000 106.000000 87.000000
1.239000 17.253000 2.258000 73.000000 66.000000 48.000000
1.295000 17.269000 2.262000 102.000000 97.000000 77.000000
1.239000 17.254000 2.231000 65.000000 62.000000 47.000000
1.243000 17.256000 2.177000 78.000000 73.000000 51.000000
1.308000 17.273000 2.252000 114.000000 109.000000 87.000000
1.239000 17.253000 2.244000 70.000000 64.000000 50.000000
1.267000 17.262000 2.215000 126.000000 129.000000 86.000000
1.243000 17.254000 2.254000 72.000000 65.000000 49.000000
1.245000 17.256000 2.200000 66.000000 64.000000 41.000000
1.288000 17.268000 2.209000 140.000000 136.000000 98.000000
1.302000 17.271000 2.268000 102.000000 95.000000 79.000000
1.254000 17.258000 2.239000 69.000000 64.000000 44.000000
1.253000 17.259000 2.172000 75.000000 72.000000 55.000000
1.305000 17.271000 2.283000 94.000000 87.000000 71.000000
1.255000 17.259000 2.196000 66.000000 60.000000 48.000000
1.298000 17.271000 2.237000 122.000000 118.000000 91.000000
1.266000 17.260000 2.308000 93.000000 86.000000 70.000000
1.288000 17.267000 2.266000 101.000000 96.000000 76.000000
1.298000 17.270000 2.274000 98.000000 91.000000 75.000000
1.240000 17.254000 2.249000 70.000000 64.000000 48.000000
1.251000 17.256000 2.275000 79.000000 72.000000 54.000000
1.307000 17.274000 2.225000 132.000000 133.000000 93.000000
1.244000 17.257000 2.154000 80.000000 73.000000 55.000000
1.320000 17.276000 2.294000 94.000000 87.000000 71.000000
1.240000 17.253000 2.279000 76.000000 69.000000 51.000000
1.291000 17.269000 2.237000 120.000000 116.000000 91.000000
1.319000 17.275000 2.299000 95.000000 87.000000 74.000000
1.269000 17.263000 2.195000 139.000000 137.000000 88.000000
1.260000 17.260000 2.244000 71.000000 66.000000 44.000000
1.250000 17.258000 2.207000 63.000000 60.000000 41.000000
1.261000 17.262000 2.184000 67.000000 62.000000 42.000000
1.285000 17.266000 2.274000 97.000000 90.000000 74.000000
1.313000 17.274000 2.278000 96.000000 89.000000 73.000000
1.273000 17.262000 2.287000 92.000000 85.000000 69.000000
1.313000 17.274000 2.271000 100.000000 93.000000 77.000000
1.255000 17.257000 2.280000 78.000000 71.000000 55.000000
1.264000 17.262000 2.196000 94.000000 91.000000 60.000000
1.301000 17.270000 2.302000 94.000000 86.000000 73.000000
1.322000 17.276000 2.293000 94.000000 87.000000 71.000000
1.253000 17.259000 2.176000 74.000000 71.000000 54.000000
1.280000 17.264000 2.293000 94.000000 86.000000 73.000000
1.290000 17.269000 2.188000 146.000000 145.000000 115.000000
1.284000 17.268000 2.185000 143.000000 142.000000 111.000000
1.304000 17.273000 2.215000 140.000000 137.000000 102.000000
1.282000 17.267000 2.159000 150.000000 151.000000 120.000000
1.266000 17.263000 2.149000 142.000000 138.000000 109.000000
1.305000 17.273000 2.201000 149.000000 149.000000 121.000000
1.307000 17.274000 2.205000 147.000000 148.000000 117.000000
1.313000 17.275000 2.215000 145.000000 146.000000 114.000000
1.267000 17.264000 2.165000 129.000000 133.000000 100.000000
1.317000 17.276000 2.200000 153.000000 157.000000 132.000000
1.313000 17.275000 2.202000 149.000000 153.000000 126.000000
1.308000 17.274000 2.184000 153.000000 156.000000 135.000000
1.265000 17.263000 2.149000 92.000000 88.000000 61.000000
1.315000 17.275000 2.144000 164.000000 165.000000 147.000000
1.272000 17.265000 2.160000 147.000000 146.000000 115.000000
1.272000 17.265000 2.170000 147.000000 147.000000 113.000000
1.312000 17.275000 2.204000 149.000000 152.000000 123.000000
1.320000 17.276000 2.166000 164.000000 165.000000 151.000000
1.311000 17.274000 2.158000 161.000000 162.000000 144.000000
1.280000 17.266000 2.155000 153.000000 152.000000 122.000000
1.296000 17.270000 2.140000 159.000000 158.000000 138.000000
1.262000 17.262000 2.137000 73.000000 68.000000 46.000000
1.290000 17.269000 2.165000 150.000000 150.000000 126.000000
1.308000 17.273000 2.167000 158.000000 159.000000 141.000000
1.267000 17.263000 2.141000 140.000000 136.000000 107.000000
1.296000 17.271000 2.175000 149.000000 152.000000 131.000000
1.298000 17.271000 2.159000 155.000000 154.000000 133.000000
1.318000 17.276000 2.216000 146.000000 147.000000 115.000000
1.315000 17.275000 2.190000 154.000000 159.000000 136.000000
1.300000 17.271000 2.160000 156.000000 155.000000 135.000000
1.310000 17.274000 2.183000 153.000000 156.000000 135.000000
1.304000 17.272000 2.177000 152.000000 155.000000 134.000000
1.313000 17.275000 2.188000 153.000000 157.000000 134.000000
1.313000 17.274000 2.150000 161.000000 162.000000 144.000000
1.283000 17.267000 2.181000 148.000000 147.000000 116.000000
1.286000 17.268000 2.142000 155.000000 155.000000 129.000000
