0.582000 17.275000 1.069000 58.000000 59.000000 54.000000
0.584000 17.279000 1.020000 28.000000 30.000000 19.000000
0.566000 17.273000 0.983000 50.000000 51.000000 45.000000
0.605000 17.285000 1.084000 60.000000 61.000000 56.000000
0.574000 17.277000 0.975000 30.000000 30.000000 28.000000
0.613000 17.290000 1.076000 57.000000 56.000000 52.000000
0.592000 17.286000 0.982000 32.000000 33.000000 28.000000
0.589000 17.283000 1.012000 30.000000 29.000000 24.000000
0.572000 17.273000 1.032000 26.000000 27.000000 22.000000
0.579000 17.278000 1.004000 28.000000 28.000000 26.000000
0.568000 17.273000 0.992000 26.000000 27.000000 22.000000
0.575000 17.275000 1.010000 27.000000 27.000000 25.000000
0.602000 17.285000 1.069000 54.000000 53.000000 49.000000
0.613000 17.291000 1.062000 60.000000 57.000000 52.000000
0.564000 17.274000 0.948000 157.000000 158.000000 142.000000
0.591000 17.283000 1.022000 28.000000 27.000000 22.000000
0.604000 17.292000 0.987000 35.000000 32.000000 27.000000
0.587000 17.283000 0.987000 29.000000 30.000000 25.000000
0.638000 17.306000 1.025000 31.000000 28.000000 23.000000
0.581000 17.276000 1.049000 28.000000 27.000000 23.000000
0.585000 17.273000 1.115000 156.000000 149.000000 133.000000
0.580000 17.278000 1.014000 28.000000 28.000000 26.000000
0.599000 17.282000 1.088000 61.000000 62.000000 56.000000
0.574000 17.273000 1.038000 27.000000 26.000000 22.000000
0.617000 17.293000 1.065000 56.000000 53.000000 48.000000
0.591000 17.283000 1.013000 31.000000 28.000000 23.000000
0.588000 17.278000 1.064000 56.000000 55.000000 50.000000
0.642000 17.308000 1.032000 30.000000 27.000000 22.000000
0.596000 17.286000 1.010000 33.000000 30.000000 23.000000
0.567000 17.277000 0.932000 147.000000 150.000000 133.000000
0.598000 17.282000 1.080000 59.000000 59.000000 57.000000
0.624000 17.297000 1.052000 28.000000 25.000000 20.000000
0.563000 17.274000 0.938000 146.000000 148.000000 134.000000
0.617000 17.293000 1.071000 57.000000 56.000000 51.000000
0.568000 17.275000 0.973000 84.000000 85.000000 79.000000
0.572000 17.279000 0.936000 93.000000 97.000000 83.000000
0.601000 17.288000 1.020000 31.000000 28.000000 23.000000
0.640000 17.306000 1.035000 30.000000 27.000000 22.000000
0.575000 17.280000 0.941000 56.000000 59.000000 50.000000
0.581000 17.277000 1.033000 28.000000 28.000000 20.000000
0.580000 17.280000 0.979000 29.000000 31.000000 30.000000
0.625000 17.299000 1.034000 30.000000 27.000000 22.000000
0.587000 17.283000 0.988000 29.000000 30.000000 25.000000
0.617000 17.292000 1.071000 57.000000 56.000000 51.000000
0.572000 17.276000 0.969000 41.000000 46.000000 39.000000
0.615000 17.294000 1.043000 29.000000 26.000000 21.000000
0.572000 17.276000 0.977000 26.000000 26.000000 24.000000
0.576000 17.276000 1.010000 27.000000 27.000000 25.000000
0.574000 17.273000 1.038000 27.000000 26.000000 22.000000
0.567000 17.275000 0.965000 72.000000 75.000000 64.000000
0.603000 17.285000 1.077000 59.000000 58.000000 54.000000
0.608000 17.290000 1.041000 30.000000 27.000000 22.000000
0.606000 17.286000 1.076000 57.000000 56.000000 52.000000
0.596000 17.284000 1.043000 35.000000 29.000000 31.000000
0.585000 17.281000 1.004000 31.000000 30.000000 26.000000
0.601000 17.288000 1.022000 31.000000 28.000000 23.000000
0.587000 17.277000 1.072000 59.000000 58.000000 53.000000
0.598000 17.287000 1.017000 33.000000 30.000000 25.000000
0.605000 17.290000 1.017000 33.000000 30.000000 25.000000
0.598000 17.288000 0.995000 30.000000 29.000000 24.000000
0.605000 17.291000 0.999000 33.000000 30.000000 25.000000
0.610000 17.291000 1.042000 30.000000 27.000000 22.000000
0.625000 17.299000 1.043000 31.000000 28.000000 23.000000
0.628000 17.301000 1.033000 30.000000 27.000000 22.000000
0.577000 17.276000 1.015000 28.000000 28.000000 26.000000
0.602000 17.286000 1.058000 33.000000 30.000000 25.000000
0.583000 17.280000 1.007000 29.000000 29.000000 27.000000
0.583000 17.281000 0.982000 28.000000 30.000000 27.000000
0.610000 17.288000 1.079000 69.000000 68.000000 64.000000
0.586000 17.276000 1.092000 51.000000 48.000000 41.000000
0.601000 17.285000 1.056000 34.000000 31.000000 26.000000
0.581000 17.273000 1.086000 71.000000 70.000000 66.000000
0.580000 17.282000 0.948000 37.000000 37.000000 29.000000
0.586000 17.279000 1.040000 31.000000 27.000000 24.000000
0.581000 17.273000 1.096000 30.000000 26.000000 17.000000
0.598000 17.281000 1.105000 117.000000 115.000000 100.000000
0.604000 17.288000 1.035000 31.000000 28.000000 23.000000
0.607000 17.288000 1.063000 67.000000 64.000000 59.000000
0.608000 17.287000 1.082000 60.000000 61.000000 56.000000
0.594000 17.285000 1.013000 32.000000 29.000000 22.000000
0.598000 17.285000 1.038000 31.000000 25.000000 27.000000
0.596000 17.283000 1.057000 31.000000 27.000000 24.000000
0.584000 17.274000 1.092000 51.000000 48.000000 41.000000
0.572000 17.278000 0.947000 61.000000 61.000000 49.000000
0.578000 17.275000 1.040000 28.000000 27.000000 23.000000
0.568000 17.275000 0.970000 75.000000 81.000000 71.000000
0.606000 17.289000 1.044000 32.000000 29.000000 24.000000
0.578000 17.273000 1.074000 70.000000 72.000000 69.000000
0.581000 17.276000 1.041000 29.000000 28.000000 23.000000
0.581000 17.283000 0.950000 37.000000 34.000000 27.000000
0.614000 17.294000 1.026000 31.000000 28.000000 23.000000
0.716000 17.278000 1.112000 142.000000 140.000000 119.000000
0.773000 17.296000 1.068000 48.000000 45.000000 38.000000
0.648000 17.298000 1.063000 50.000000 47.000000 42.000000
1.098000 17.299000 1.058000 32.000000 29.000000 22.000000
0.633000 17.281000 1.104000 110.000000 108.000000 93.000000
0.840000 17.287000 1.088000 39.000000 38.000000 33.000000
0.952000 17.294000 1.072000 35.000000 32.000000 23.000000
0.707000 17.306000 1.042000 32.000000 29.000000 24.000000
0.832000 17.307000 1.041000 32.000000 29.000000 24.000000
0.740000 17.304000 1.048000 32.000000 29.000000 24.000000
1.048000 17.298000 1.062000 32.000000 29.000000 22.000000
0.775000 17.288000 1.086000 48.000000 45.000000 40.000000
0.938000 17.290000 1.082000 35.000000 34.000000 29.000000
1.081000 17.300000 1.057000 32.000000 29.000000 22.000000
0.810000 17.299000 1.059000 35.000000 32.000000 27.000000
0.642000 17.284000 1.099000 28.000000 28.000000 20.000000
0.988000 17.300000 1.057000 31.000000 28.000000 21.000000
0.969000 17.294000 1.071000 34.000000 31.000000 22.000000
0.896000 17.296000 1.067000 35.000000 33.000000 34.000000
0.783000 17.302000 1.053000 32.000000 29.000000 24.000000
0.679000 17.302000 1.052000 31.000000 28.000000 23.000000
0.937000 17.300000 1.056000 30.000000 27.000000 20.000000
0.998000 17.298000 1.060000 32.000000 29.000000 22.000000
0.825000 17.290000 1.081000 44.000000 40.000000 37.000000
0.641000 17.292000 1.078000 56.000000 55.000000 53.000000
0.830000 17.304000 1.047000 32.000000 29.000000 24.000000
0.897000 17.301000 1.054000 31.000000 28.000000 23.000000
0.908000 17.299000 1.058000 33.000000 30.000000 25.000000
1.020000 17.298000 1.061000 32.000000 29.000000 22.000000
0.838000 17.301000 1.054000 31.000000 28.000000 23.000000
1.010000 17.297000 1.064000 33.000000 30.000000 23.000000
0.710000 17.294000 1.071000 49.000000 46.000000 41.000000
0.772000 17.285000 1.094000 16.000000 13.000000 4.000000
0.683000 17.282000 1.103000 135.000000 132.000000 117.000000
0.708000 17.284000 1.097000 34.000000 34.000000 24.000000
0.797000 17.286000 1.092000 49.000000 46.000000 41.000000
0.653000 17.285000 1.094000 27.000000 26.000000 21.000000
0.698000 17.290000 1.083000 57.000000 56.000000 54.000000
0.700000 17.302000 1.052000 32.000000 29.000000 24.000000
0.948000 17.298000 1.061000 33.000000 30.000000 23.000000
0.902000 17.296000 1.067000 35.000000 33.000000 34.000000
0.722000 17.304000 1.048000 32.000000 29.000000 24.000000
0.949000 17.292000 1.075000 35.000000 32.000000 25.000000
0.624000 17.289000 1.086000 63.000000 63.000000 61.000000
0.704000 17.278000 1.113000 141.000000 139.000000 118.000000
0.841000 17.301000 1.054000 31.000000 28.000000 23.000000
0.673000 17.289000 1.085000 60.000000 61.000000 56.000000
0.803000 17.284000 1.098000 45.000000 41.000000 30.000000
0.686000 17.303000 1.050000 32.000000 29.000000 24.000000
0.640000 17.282000 1.102000 86.000000 86.000000 74.000000
0.749000 17.307000 1.041000 32.000000 29.000000 24.000000
0.978000 17.297000 1.063000 33.000000 30.000000 23.000000
0.972000 17.302000 1.051000 29.000000 26.000000 21.000000
0.916000 17.296000 1.067000 34.000000 33.000000 31.000000
0.966000 17.298000 1.061000 34.000000 31.000000 24.000000
0.830000 17.301000 1.054000 31.000000 28.000000 23.000000
0.660000 17.299000 1.061000 51.000000 48.000000 43.000000
0.675000 17.280000 1.109000 139.000000 133.000000 117.000000
0.780000 17.292000 1.076000 46.000000 43.000000 38.000000
0.789000 17.304000 1.047000 30.000000 27.000000 22.000000
0.785000 17.291000 1.080000 50.000000 47.000000 42.000000
0.631000 17.275000 1.119000 143.000000 142.000000 122.000000
0.733000 17.302000 1.052000 32.000000 29.000000 24.000000
0.866000 17.297000 1.065000 39.000000 36.000000 31.000000
0.791000 17.290000 1.083000 47.000000 43.000000 40.000000
0.988000 17.301000 1.053000 30.000000 27.000000 20.000000
0.775000 17.300000 1.058000 30.000000 27.000000 22.000000
0.643000 17.300000 1.057000 33.000000 30.000000 25.000000
0.712000 17.295000 1.070000 49.000000 46.000000 41.000000
1.118000 17.302000 1.050000 30.000000 27.000000 20.000000
0.787000 17.282000 1.101000 82.000000 79.000000 64.000000
0.657000 17.275000 1.119000 145.000000 143.000000 122.000000
0.755000 17.280000 1.106000 143.000000 142.000000 124.000000
0.816000 17.293000 1.075000 43.000000 40.000000 35.000000
0.947000 17.291000 1.079000 34.000000 31.000000 26.000000
1.070000 17.299000 1.058000 31.000000 28.000000 21.000000
0.671000 17.280000 1.107000 151.000000 148.000000 133.000000
0.767000 17.286000 1.092000 53.000000 50.000000 43.000000
0.638000 17.292000 1.077000 58.000000 57.000000 55.000000
0.686000 17.301000 1.055000 32.000000 29.000000 24.000000
0.696000 17.289000 1.086000 59.000000 58.000000 56.000000
0.889000 17.287000 1.088000 33.000000 31.000000 34.000000
0.902000 17.290000 1.081000 36.000000 36.000000 24.000000
0.766000 17.288000 1.087000 52.000000 49.000000 44.000000
0.624000 17.281000 1.104000 92.000000 90.000000 75.000000
0.772000 17.291000 1.080000 48.000000 45.000000 40.000000
0.639000 17.304000 1.047000 32.000000 29.000000 24.000000
1.072000 17.299000 1.059000 31.000000 28.000000 21.000000
0.742000 17.303000 1.051000 31.000000 28.000000 23.000000
0.666000 17.285000 1.095000 23.000000 22.000000 17.000000
0.886000 17.297000 1.064000 39.000000 36.000000 31.000000
0.739000 17.298000 1.062000 47.000000 44.000000 39.000000
0.976000 17.295000 1.069000 34.000000 31.000000 22.000000
1.093000 17.303000 1.048000 30.000000 27.000000 20.000000
0.713000 17.288000 1.087000 53.000000 52.000000 50.000000
0.978000 17.302000 1.051000 30.000000 27.000000 22.000000
1.023000 17.298000 1.060000 31.000000 28.000000 21.000000
0.966000 17.294000 1.072000 34.000000 31.000000 22.000000
0.641000 17.298000 1.062000 50.000000 47.000000 42.000000
0.774000 17.284000 1.098000 50.000000 46.000000 35.000000
0.710000 17.279000 1.111000 138.000000 135.000000 116.000000
0.792000 17.296000 1.066000 47.000000 44.000000 39.000000
0.938000 17.305000 1.044000 32.000000 29.000000 24.000000
0.673000 17.299000 1.061000 52.000000 49.000000 44.000000
0.974000 17.304000 1.045000 31.000000 28.000000 23.000000
0.703000 17.301000 1.056000 33.000000 30.000000 25.000000
0.765000 17.305000 1.044000 32.000000 29.000000 24.000000
0.925000 17.289000 1.083000 35.000000 35.000000 27.000000
0.685000 17.292000 1.079000 51.000000 52.000000 47.000000
0.845000 17.285000 1.093000 29.000000 29.000000 21.000000
0.939000 17.291000 1.079000 36.000000 33.000000 28.000000
1.061000 17.301000 1.053000 31.000000 28.000000 21.000000
0.794000 17.283000 1.100000 81.000000 78.000000 63.000000
0.642000 17.300000 1.059000 34.000000 31.000000 26.000000
0.934000 17.304000 1.047000 31.000000 28.000000 23.000000
0.945000 17.295000 1.068000 34.000000 31.000000 22.000000
0.613000 17.284000 1.098000 21.000000 21.000000 9.000000
0.905000 17.296000 1.066000 37.000000 34.000000 29.000000
0.832000 17.295000 1.070000 44.000000 41.000000 34.000000
0.857000 17.294000 1.071000 37.000000 36.000000 31.000000
0.641000 17.278000 1.114000 142.000000 140.000000 117.000000
0.879000 17.287000 1.090000 35.000000 34.000000 29.000000
0.765000 17.304000 1.048000 32.000000 29.000000 24.000000
0.813000 17.294000 1.072000 43.000000 40.000000 33.000000
0.904000 17.295000 1.068000 35.000000 33.000000 34.000000
0.875000 17.299000 1.060000 34.000000 31.000000 26.000000
0.749000 17.282000 1.102000 76.000000 74.000000 61.000000
0.982000 17.301000 1.054000 30.000000 27.000000 20.000000
0.666000 17.293000 1.074000 57.000000 56.000000 52.000000
0.787000 17.293000 1.075000 49.000000 46.000000 39.000000
0.820000 17.303000 1.049000 30.000000 27.000000 22.000000
0.843000 17.303000 1.050000 31.000000 28.000000 23.000000
0.670000 17.297000 1.064000 56.000000 53.000000 48.000000
0.828000 17.284000 1.097000 51.000000 47.000000 36.000000
0.913000 17.300000 1.056000 31.000000 28.000000 23.000000
1.099000 17.301000 1.054000 30.000000 27.000000 20.000000
0.876000 17.294000 1.071000 37.000000 36.000000 31.000000
1.024000 17.303000 1.048000 31.000000 28.000000 21.000000
0.882000 17.300000 1.056000 32.000000 29.000000 24.000000
1.010000 17.303000 1.048000 31.000000 28.000000 21.000000
0.713000 17.305000 1.044000 34.000000 31.000000 26.000000
0.670000 17.275000 1.119000 144.000000 141.000000 122.000000
0.827000 17.290000 1.081000 43.000000 39.000000 36.000000
0.678000 17.310000 1.032000 32.000000 29.000000 24.000000
1.011000 17.302000 1.052000 31.000000 28.000000 21.000000
0.891000 17.294000 1.071000 36.000000 35.000000 31.000000
0.858000 17.301000 1.054000 32.000000 29.000000 24.000000
0.693000 17.284000 1.097000 35.000000 33.000000 21.000000
0.660000 17.308000 1.038000 32.000000 29.000000 24.000000
0.816000 17.285000 1.094000 14.000000 11.000000 2.000000
0.685000 17.287000 1.090000 62.000000 63.000000 57.000000
0.722000 17.303000 1.049000 30.000000 27.000000 22.000000
0.847000 17.294000 1.071000 40.000000 39.000000 34.000000
0.594000 17.274000 1.123000 156.000000 149.000000 133.000000
0.665000 17.294000 1.073000 57.000000 56.000000 52.000000
0.861000 17.289000 1.084000 40.000000 39.000000 35.000000
0.728000 17.287000 1.091000 40.000000 39.000000 35.000000
0.811000 17.296000 1.066000 43.000000 40.000000 35.000000
0.654000 17.283000 1.100000 83.000000 80.000000 71.000000
0.771000 17.292000 1.077000 52.000000 49.000000 44.000000
0.839000 17.286000 1.092000 27.000000 27.000000 19.000000
0.829000 17.284000 1.097000 51.000000 47.000000 36.000000
0.971000 17.304000 1.046000 31.000000 28.000000 23.000000
0.761000 17.284000 1.097000 41.000000 39.000000 27.000000
0.629000 17.286000 1.093000 60.000000 60.000000 58.000000
0.692000 17.285000 1.096000 14.000000 14.000000 6.000000
0.620000 17.293000 1.076000 60.000000 59.000000 55.000000
0.655000 17.277000 1.116000 144.000000 142.000000 121.000000
0.951000 17.301000 1.055000 30.000000 27.000000 20.000000
0.815000 17.284000 1.096000 14.000000 11.000000 2.000000
0.801000 17.294000 1.072000 45.000000 42.000000 35.000000
0.707000 17.280000 1.108000 152.000000 149.000000 132.000000
1.043000 17.300000 1.057000 31.000000 28.000000 21.000000
1.090000 17.303000 1.049000 30.000000 27.000000 20.000000
0.814000 17.284000 1.096000 15.000000 12.000000 3.000000
0.759000 17.287000 1.089000 46.000000 45.000000 40.000000
0.843000 17.295000 1.070000 41.000000 40.000000 35.000000
0.706000 17.309000 1.034000 32.000000 29.000000 24.000000
0.761000 17.283000 1.101000 73.000000 71.000000 58.000000
0.725000 17.301000 1.054000 32.000000 29.000000 24.000000
0.652000 17.287000 1.091000 58.000000 57.000000 53.000000
0.628000 17.293000 1.075000 59.000000 58.000000 54.000000
0.952000 17.301000 1.054000 30.000000 27.000000 22.000000
0.822000 17.301000 1.053000 31.000000 28.000000 23.000000
0.976000 17.298000 1.060000 33.000000 30.000000 23.000000
0.731000 17.296000 1.067000 54.000000 51.000000 44.000000
0.669000 17.304000 1.049000 32.000000 29.000000 24.000000
0.993000 17.304000 1.045000 31.000000 28.000000 21.000000
1.048000 17.301000 1.052000 30.000000 27.000000 20.000000
0.732000 17.291000 1.081000 54.000000 53.000000 49.000000
0.695000 17.283000 1.100000 84.000000 82.000000 70.000000
0.780000 17.300000 1.057000 30.000000 27.000000 22.000000
0.654000 17.280000 1.107000 161.000000 158.000000 143.000000
0.668000 17.289000 1.085000 58.000000 59.000000 54.000000
0.921000 17.291000 1.079000 34.000000 34.000000 22.000000
0.744000 17.292000 1.077000 51.000000 50.000000 46.000000
0.629000 17.280000 1.107000 152.000000 151.000000 131.000000
0.907000 17.301000 1.054000 31.000000 28.000000 23.000000
0.674000 17.306000 1.042000 32.000000 29.000000 24.000000
1.058000 17.299000 1.059000 31.000000 28.000000 21.000000
0.735000 17.293000 1.075000 50.000000 49.000000 44.000000
0.689000 17.281000 1.105000 129.000000 126.000000 111.000000
0.766000 17.292000 1.078000 42.000000 41.000000 36.000000
0.620000 17.282000 1.102000 83.000000 84.000000 70.000000
0.928000 17.300000 1.057000 30.000000 27.000000 22.000000
0.732000 17.305000 1.044000 32.000000 29.000000 24.000000
0.754000 17.298000 1.061000 45.000000 42.000000 37.000000
0.807000 17.308000 1.038000 31.000000 28.000000 23.000000
0.843000 17.303000 1.049000 31.000000 28.000000 23.000000
0.757000 17.296000 1.068000 46.000000 45.000000 40.000000
0.804000 17.301000 1.056000 32.000000 29.000000 24.000000
0.891000 17.291000 1.078000 36.000000 36.000000 24.000000
0.671000 17.304000 1.048000 33.000000 30.000000 25.000000
0.976000 17.301000 1.054000 29.000000 26.000000 21.000000
0.768000 17.306000 1.043000 32.000000 29.000000 24.000000
0.972000 17.304000 1.045000 31.000000 28.000000 23.000000
0.699000 17.293000 1.074000 53.000000 52.000000 47.000000
0.594000 17.275000 1.121000 156.000000 149.000000 133.000000
0.924000 17.290000 1.082000 35.000000 35.000000 27.000000
0.695000 17.290000 1.083000 54.000000 53.000000 51.000000
0.661000 17.300000 1.059000 31.000000 28.000000 23.000000
0.866000 17.300000 1.057000 32.000000 29.000000 24.000000
0.839000 17.292000 1.076000 40.000000 39.000000 35.000000
0.672000 17.278000 1.112000 144.000000 138.000000 122.000000
0.701000 17.278000 1.112000 142.000000 140.000000 119.000000
0.630000 17.286000 1.092000 60.000000 60.000000 58.000000
1.010000 17.299000 1.058000 32.000000 29.000000 22.000000
0.747000 17.298000 1.061000 48.000000 45.000000 40.000000
0.779000 17.297000 1.064000 46.000000 43.000000 38.000000
0.963000 17.292000 1.077000 36.000000 33.000000 26.000000
0.776000 17.283000 1.099000 46.000000 42.000000 31.000000
0.824000 17.296000 1.068000 41.000000 38.000000 31.000000
0.659000 17.293000 1.075000 56.000000 55.000000 51.000000
1.076000 17.298000 1.062000 31.000000 28.000000 21.000000
1.003000 17.297000 1.064000 33.000000 30.000000 23.000000
0.817000 17.290000 1.081000 44.000000 40.000000 37.000000
0.918000 17.293000 1.074000 34.000000 34.000000 24.000000
0.813000 17.291000 1.078000 45.000000 42.000000 37.000000
0.738000 17.290000 1.082000 50.000000 49.000000 47.000000
0.650000 17.287000 1.090000 59.000000 59.000000 57.000000
0.858000 17.288000 1.086000 36.000000 35.000000 31.000000
0.787000 17.297000 1.064000 46.000000 43.000000 38.000000
0.902000 17.300000 1.056000 31.000000 28.000000 23.000000
0.897000 17.301000 1.054000 31.000000 28.000000 23.000000
0.710000 17.306000 1.041000 33.000000 30.000000 25.000000
0.651000 17.301000 1.056000 33.000000 30.000000 25.000000
0.870000 17.287000 1.088000 36.000000 35.000000 30.000000
0.757000 17.290000 1.082000 49.000000 48.000000 44.000000
0.754000 17.304000 1.047000 31.000000 28.000000 23.000000
0.627000 17.289000 1.084000 62.000000 62.000000 60.000000
0.671000 17.277000 1.114000 144.000000 138.000000 122.000000
0.887000 17.299000 1.060000 34.000000 31.000000 26.000000
0.980000 17.302000 1.051000 30.000000 27.000000 22.000000
0.742000 17.289000 1.084000 52.000000 51.000000 49.000000
0.732000 17.280000 1.107000 153.000000 150.000000 133.000000
0.853000 17.290000 1.083000 39.000000 38.000000 34.000000
0.860000 17.296000 1.067000 37.000000 36.000000 31.000000
0.790000 17.293000 1.075000 46.000000 43.000000 38.000000
0.905000 17.304000 1.047000 32.000000 29.000000 24.000000
0.809000 17.296000 1.068000 44.000000 41.000000 34.000000
0.891000 17.296000 1.065000 38.000000 35.000000 30.000000
0.791000 17.307000 1.039000 31.000000 28.000000 23.000000
1.126000 17.302000 1.051000 30.000000 27.000000 20.000000
0.780000 17.285000 1.095000 19.000000 15.000000 6.000000
0.727000 17.290000 1.083000 52.000000 51.000000 49.000000
0.778000 17.297000 1.065000 46.000000 43.000000 38.000000
0.869000 17.302000 1.050000 33.000000 30.000000 25.000000
0.762000 17.306000 1.043000 32.000000 29.000000 24.000000
0.735000 17.293000 1.075000 50.000000 49.000000 44.000000
0.744000 17.303000 1.049000 31.000000 28.000000 23.000000
0.774000 17.296000 1.068000 48.000000 45.000000 38.000000
1.081000 17.300000 1.056000 32.000000 29.000000 22.000000
0.937000 17.292000 1.075000 35.000000 32.000000 25.000000
1.016000 17.302000 1.050000 31.000000 28.000000 21.000000
0.964000 17.296000 1.066000 35.000000 32.000000 23.000000
0.822000 17.293000 1.074000 43.000000 40.000000 35.000000
1.032000 17.301000 1.053000 30.000000 27.000000 20.000000
0.799000 17.283000 1.100000 82.000000 79.000000 64.000000
0.706000 17.298000 1.064000 50.000000 47.000000 42.000000
0.757000 17.300000 1.056000 30.000000 27.000000 22.000000
0.636000 17.281000 1.105000 111.000000 109.000000 94.000000
0.801000 17.301000 1.053000 30.000000 27.000000 22.000000
1.017000 17.296000 1.066000 33.000000 30.000000 23.000000
0.834000 17.286000 1.092000 32.000000 29.000000 24.000000
0.860000 17.297000 1.063000 40.000000 37.000000 32.000000
0.692000 17.301000 1.054000 32.000000 29.000000 24.000000
0.727000 17.304000 1.048000 32.000000 29.000000 24.000000
1.059000 17.301000 1.052000 31.000000 28.000000 21.000000
0.646000 17.306000 1.043000 30.000000 27.000000 22.000000
0.650000 17.293000 1.075000 56.000000 55.000000 53.000000
0.944000 17.293000 1.074000 35.000000 32.000000 25.000000
0.620000 17.276000 1.117000 144.000000 141.000000 124.000000
0.796000 17.283000 1.099000 49.000000 45.000000 34.000000
0.800000 17.304000 1.047000 31.000000 28.000000 23.000000
0.650000 17.286000 0.959000 37.000000 34.000000 27.000000
0.822000 17.286000 0.976000 36.000000 33.000000 28.000000
0.727000 17.284000 0.961000 37.000000 34.000000 27.000000
0.742000 17.302000 1.013000 34.000000 31.000000 26.000000
0.587000 17.274000 0.922000 150.000000 146.000000 134.000000
0.655000 17.287000 0.963000 37.000000 34.000000 27.000000
0.822000 17.288000 0.981000 35.000000 32.000000 27.000000
0.698000 17.280000 0.946000 38.000000 35.000000 30.000000
1.022000 17.299000 1.030000 31.000000 28.000000 21.000000
0.622000 17.290000 0.970000 33.000000 32.000000 27.000000
0.829000 17.303000 1.024000 33.000000 30.000000 25.000000
0.854000 17.307000 1.039000 32.000000 29.000000 24.000000
0.683000 17.300000 1.003000 34.000000 31.000000 26.000000
0.648000 17.288000 0.965000 37.000000 34.000000 29.000000
0.752000 17.282000 0.959000 37.000000 34.000000 27.000000
0.709000 17.278000 0.944000 39.000000 36.000000 31.000000
0.910000 17.292000 1.000000 34.000000 31.000000 24.000000
0.637000 17.295000 0.986000 35.000000 32.000000 27.000000
0.747000 17.287000 0.971000 37.000000 34.000000 29.000000
0.738000 17.301000 1.011000 34.000000 31.000000 26.000000
0.821000 17.305000 1.030000 32.000000 29.000000 24.000000
0.868000 17.303000 1.029000 32.000000 29.000000 24.000000
0.618000 17.276000 0.930000 80.000000 78.000000 63.000000
1.024000 17.297000 1.024000 32.000000 29.000000 22.000000
0.732000 17.281000 0.954000 38.000000 35.000000 28.000000
0.735000 17.304000 1.020000 33.000000 30.000000 25.000000
0.960000 17.294000 1.010000 34.000000 31.000000 24.000000
0.713000 17.309000 1.032000 33.000000 30.000000 25.000000
0.850000 17.296000 1.006000 34.000000 31.000000 26.000000
0.735000 17.297000 0.998000 34.000000 31.000000 26.000000
0.794000 17.286000 0.973000 36.000000 33.000000 28.000000
1.082000 17.300000 1.039000 31.000000 28.000000 21.000000
0.831000 17.302000 1.021000 33.000000 30.000000 25.000000
0.676000 17.289000 0.972000 37.000000 34.000000 29.000000
1.054000 17.302000 1.040000 31.000000 28.000000 19.000000
0.960000 17.304000 1.039000 30.000000 27.000000 22.000000
0.940000 17.290000 0.997000 35.000000 32.000000 25.000000
0.932000 17.294000 1.007000 33.000000 30.000000 23.000000
1.078000 17.302000 1.044000 31.000000 28.000000 21.000000
0.858000 17.299000 1.016000 33.000000 30.000000 25.000000
0.745000 17.283000 0.962000 38.000000 35.000000 28.000000
0.870000 17.294000 1.002000 34.000000 31.000000 26.000000
0.672000 17.277000 0.938000 40.000000 36.000000 33.000000
0.919000 17.296000 1.014000 32.000000 29.000000 22.000000
0.967000 17.304000 1.040000 30.000000 27.000000 22.000000
0.658000 17.289000 0.970000 37.000000 34.000000 29.000000
0.586000 17.276000 0.926000 157.000000 154.000000 139.000000
0.736000 17.308000 1.030000 33.000000 30.000000 25.000000
0.792000 17.286000 0.972000 36.000000 33.000000 28.000000
0.646000 17.303000 1.008000 32.000000 29.000000 24.000000
0.821000 17.286000 0.976000 36.000000 33.000000 28.000000
0.935000 17.296000 1.013000 33.000000 30.000000 23.000000
0.770000 17.308000 1.034000 32.000000 29.000000 24.000000
0.942000 17.297000 1.018000 32.000000 29.000000 22.000000
0.952000 17.302000 1.033000 32.000000 29.000000 24.000000
0.735000 17.288000 0.974000 36.000000 33.000000 28.000000
0.811000 17.295000 1.000000 34.000000 31.000000 26.000000
0.645000 17.298000 0.994000 35.000000 32.000000 27.000000
0.965000 17.291000 1.003000 34.000000 31.000000 24.000000
0.904000 17.290000 0.995000 34.000000 31.000000 26.000000
0.897000 17.295000 1.009000 33.000000 30.000000 25.000000
0.811000 17.294000 0.996000 34.000000 31.000000 26.000000
0.996000 17.298000 1.025000 33.000000 30.000000 23.000000
0.779000 17.305000 1.025000 33.000000 30.000000 25.000000
0.676000 17.286000 0.961000 38.000000 35.000000 28.000000
0.895000 17.301000 1.026000 32.000000 29.000000 24.000000
0.749000 17.285000 0.966000 37.000000 34.000000 27.000000
0.632000 17.281000 0.945000 39.000000 36.000000 31.000000
0.725000 17.280000 0.950000 38.000000 35.000000 28.000000
0.921000 17.290000 0.995000 34.000000 31.000000 24.000000
0.770000 17.289000 0.979000 35.000000 32.000000 27.000000
0.713000 17.285000 0.963000 37.000000 34.000000 29.000000
0.647000 17.301000 1.002000 33.000000 30.000000 25.000000
0.592000 17.287000 0.958000 39.000000 34.000000 28.000000
0.839000 17.287000 0.981000 34.000000 31.000000 26.000000
0.703000 17.277000 0.941000 38.000000 34.000000 31.000000
0.696000 17.277000 0.939000 38.000000 35.000000 30.000000
0.656000 17.292000 0.978000 36.000000 33.000000 28.000000
1.032000 17.300000 1.034000 32.000000 29.000000 20.000000
0.965000 17.294000 1.010000 33.000000 30.000000 23.000000
0.705000 17.300000 1.005000 35.000000 32.000000 27.000000
0.891000 17.287000 0.986000 34.000000 31.000000 26.000000
1.003000 17.302000 1.037000 33.000000 30.000000 23.000000
0.672000 17.276000 0.935000 41.000000 38.000000 33.000000
0.780000 17.283000 0.963000 37.000000 34.000000 29.000000
0.809000 17.283000 0.967000 36.000000 33.000000 26.000000
0.669000 17.305000 1.017000 33.000000 30.000000 25.000000
0.734000 17.291000 0.982000 35.000000 32.000000 27.000000
1.061000 17.297000 1.029000 32.000000 29.000000 20.000000
0.731000 17.305000 1.023000 33.000000 30.000000 25.000000
1.062000 17.299000 1.034000 32.000000 29.000000 20.000000
0.728000 17.281000 0.952000 38.000000 35.000000 28.000000
1.048000 17.300000 1.034000 32.000000 29.000000 20.000000
0.827000 17.295000 1.001000 33.000000 30.000000 25.000000
1.122000 17.302000 1.048000 30.000000 27.000000 20.000000
0.775000 17.302000 1.018000 34.000000 31.000000 26.000000
0.998000 17.295000 1.017000 33.000000 30.000000 23.000000
0.733000 17.288000 0.972000 37.000000 34.000000 29.000000
0.880000 17.287000 0.985000 34.000000 31.000000 26.000000
0.857000 17.294000 1.003000 33.000000 30.000000 25.000000
0.585000 17.284000 0.949000 37.000000 36.000000 31.000000
0.774000 17.308000 1.033000 32.000000 29.000000 24.000000
0.671000 17.287000 0.966000 37.000000 34.000000 29.000000
0.724000 17.291000 0.981000 35.000000 32.000000 27.000000
0.729000 17.302000 1.014000 34.000000 31.000000 26.000000
0.680000 17.276000 0.935000 42.000000 39.000000 34.000000
0.679000 17.280000 0.946000 37.000000 33.000000 30.000000
0.598000 17.287000 0.958000 42.000000 37.000000 31.000000
0.887000 17.304000 1.032000 31.000000 28.000000 23.000000
0.736000 17.294000 0.990000 35.000000 32.000000 27.000000
0.626000 17.282000 0.946000 41.000000 38.000000 33.000000
0.688000 17.282000 0.954000 38.000000 35.000000 28.000000
0.854000 17.306000 1.037000 32.000000 29.000000 24.000000
0.695000 17.297000 0.995000 34.000000 31.000000 26.000000
0.790000 17.299000 1.009000 34.000000 31.000000 26.000000
1.106000 17.302000 1.046000 31.000000 28.000000 21.000000
0.881000 17.301000 1.022000 33.000000 30.000000 25.000000
1.017000 17.296000 1.022000 33.000000 30.000000 23.000000
0.639000 17.305000 1.012000 32.000000 29.000000 24.000000
0.698000 17.285000 0.961000 37.000000 34.000000 27.000000
0.681000 17.289000 0.973000 37.000000 34.000000 29.000000
0.900000 17.292000 1.001000 33.000000 30.000000 25.000000
0.607000 17.293000 0.977000 36.000000 33.000000 28.000000
0.798000 17.298000 1.009000 33.000000 30.000000 25.000000
0.865000 17.303000 1.029000 32.000000 29.000000 24.000000
0.781000 17.297000 1.004000 34.000000 31.000000 26.000000
0.676000 17.280000 0.947000 39.000000 36.000000 31.000000
0.691000 17.285000 0.962000 36.000000 33.000000 26.000000
0.731000 17.288000 0.973000 37.000000 34.000000 29.000000
0.645000 17.304000 1.010000 32.000000 29.000000 24.000000
0.616000 17.274000 0.923000 151.000000 150.000000 130.000000
0.926000 17.302000 1.031000 32.000000 29.000000 24.000000
0.678000 17.281000 0.950000 39.000000 36.000000 31.000000
0.568000 17.275000 0.922000 150.000000 146.000000 134.000000
0.775000 17.287000 0.974000 35.000000 32.000000 27.000000
0.746000 17.288000 0.974000 36.000000 33.000000 28.000000
0.722000 17.291000 0.981000 35.000000 32.000000 27.000000
0.666000 17.287000 0.964000 38.000000 35.000000 28.000000
1.124000 17.300000 1.043000 31.000000 28.000000 21.000000
0.591000 17.277000 0.930000 115.000000 112.000000 103.000000
0.706000 17.308000 1.029000 33.000000 30.000000 25.000000
0.995000 17.304000 1.043000 31.000000 28.000000 21.000000
0.652000 17.276000 0.932000 72.000000 69.000000 60.000000
0.641000 17.289000 0.969000 35.000000 34.000000 29.000000
0.798000 17.288000 0.979000 36.000000 33.000000 28.000000
0.867000 17.293000 0.998000 35.000000 32.000000 27.000000
0.849000 17.288000 0.985000 34.000000 31.000000 26.000000
0.751000 17.288000 0.976000 37.000000 34.000000 29.000000
0.608000 17.277000 0.930000 92.000000 93.000000 77.000000
1.142000 17.301000 1.046000 31.000000 28.000000 21.000000
0.795000 17.307000 1.034000 32.000000 29.000000 24.000000
0.806000 17.299000 1.012000 33.000000 30.000000 25.000000
0.684000 17.300000 1.003000 34.000000 31.000000 26.000000
0.770000 17.294000 0.994000 34.000000 31.000000 26.000000
0.844000 17.286000 0.977000 35.000000 32.000000 27.000000
0.775000 17.308000 1.034000 32.000000 29.000000 24.000000
0.819000 17.299000 1.011000 33.000000 30.000000 25.000000
0.659000 17.290000 0.974000 36.000000 33.000000 28.000000
0.630000 17.299000 0.995000 33.000000 30.000000 25.000000
0.746000 17.281000 0.955000 36.000000 33.000000 28.000000
0.937000 17.304000 1.037000 32.000000 29.000000 24.000000
1.100000 17.299000 1.036000 32.000000 29.000000 22.000000
0.787000 17.293000 0.992000 34.000000 31.000000 26.000000
0.606000 17.275000 0.925000 150.000000 152.000000 131.000000
0.826000 17.298000 1.010000 33.000000 30.000000 25.000000
0.787000 17.285000 0.970000 36.000000 32.000000 31.000000
0.781000 17.291000 0.986000 35.000000 32.000000 27.000000
0.900000 17.295000 1.009000 33.000000 30.000000 25.000000
0.569000 17.275000 0.923000 153.000000 151.000000 130.000000
1.009000 17.298000 1.027000 32.000000 29.000000 22.000000
1.095000 17.302000 1.045000 31.000000 28.000000 21.000000
0.723000 17.279000 0.948000 39.000000 36.000000 31.000000
0.874000 17.295000 1.004000 33.000000 30.000000 25.000000
0.660000 17.294000 0.985000 36.000000 33.000000 28.000000
0.798000 17.294000 0.998000 34.000000 31.000000 26.000000
0.753000 17.290000 0.982000 36.000000 33.000000 28.000000
0.759000 17.291000 0.983000 36.000000 33.000000 28.000000
0.779000 17.307000 1.031000 32.000000 29.000000 24.000000
0.751000 17.299000 1.007000 34.000000 31.000000 26.000000
0.709000 17.304000 1.016000 33.000000 30.000000 25.000000
1.010000 17.302000 1.038000 33.000000 30.000000 23.000000
0.745000 17.290000 0.981000 36.000000 33.000000 28.000000
0.768000 17.306000 1.027000 33.000000 30.000000 25.000000
0.821000 17.298000 1.009000 33.000000 30.000000 25.000000
0.730000 17.295000 0.994000 34.000000 31.000000 26.000000
0.667000 17.301000 1.005000 34.000000 31.000000 26.000000
0.615000 17.282000 0.946000 40.000000 37.000000 32.000000
1.085000 17.297000 1.031000 31.000000 28.000000 21.000000
0.944000 17.300000 1.027000 33.000000 30.000000 23.000000
0.759000 17.300000 1.009000 34.000000 31.000000 26.000000
0.787000 17.305000 1.025000 33.000000 30.000000 25.000000
1.022000 17.302000 1.038000 31.000000 28.000000 21.000000
0.849000 17.302000 1.024000 33.000000 30.000000 25.000000
1.047000 17.303000 1.044000 32.000000 29.000000 22.000000
0.670000 17.297000 0.993000 35.000000 32.000000 27.000000
0.978000 17.297000 1.020000 32.000000 29.000000 22.000000
0.793000 17.285000 0.970000 37.000000 34.000000 29.000000
0.791000 17.283000 0.965000 37.000000 34.000000 27.000000
0.714000 17.283000 0.959000 37.000000 34.000000 27.000000
1.017000 17.303000 1.042000 33.000000 30.000000 23.000000
0.672000 17.288000 0.967000 37.000000 34.000000 29.000000
0.725000 17.284000 0.962000 37.000000 34.000000 29.000000
0.795000 17.301000 1.015000 34.000000 31.000000 26.000000
0.775000 17.301000 1.014000 34.000000 31.000000 26.000000
0.826000 17.302000 1.022000 33.000000 30.000000 25.000000
1.000000 17.293000 1.011000 33.000000 30.000000 23.000000
0.679000 17.289000 0.972000 37.000000 34.000000 29.000000
0.978000 17.299000 1.025000 32.000000 29.000000 22.000000
0.899000 17.305000 1.037000 31.000000 28.000000 23.000000
0.889000 17.289000 0.990000 34.000000 31.000000 26.000000
0.922000 17.291000 0.998000 34.000000 31.000000 24.000000
0.659000 17.304000 1.013000 33.000000 30.000000 25.000000
0.817000 17.292000 0.992000 34.000000 31.000000 26.000000
0.669000 17.282000 0.950000 37.000000 34.000000 29.000000
0.929000 17.290000 0.998000 33.000000 30.000000 23.000000
0.906000 17.297000 1.015000 33.000000 30.000000 23.000000
0.722000 17.284000 0.962000 37.000000 34.000000 29.000000
0.874000 17.299000 1.017000 34.000000 31.000000 26.000000
0.624000 17.292000 0.974000 36.000000 33.000000 28.000000
0.770000 17.297000 1.004000 34.000000 31.000000 26.000000
0.761000 17.304000 1.022000 33.000000 30.000000 25.000000
0.722000 17.307000 1.026000 33.000000 30.000000 25.000000
0.842000 17.303000 1.026000 33.000000 30.000000 25.000000
0.856000 17.290000 0.990000 33.000000 30.000000 25.000000
0.816000 17.293000 0.996000 33.000000 30.000000 25.000000
0.744000 17.299000 1.006000 34.000000 31.000000 26.000000
0.638000 17.274000 0.925000 140.000000 135.000000 116.000000
0.834000 17.304000 1.029000 32.000000 29.000000 24.000000
0.998000 17.300000 1.032000 32.000000 29.000000 22.000000
0.840000 17.307000 1.037000 32.000000 29.000000 24.000000
0.690000 17.304000 1.015000 33.000000 30.000000 25.000000
0.610000 17.288000 0.963000 35.000000 34.000000 29.000000
0.696000 17.289000 0.974000 36.000000 33.000000 28.000000
0.586000 17.278000 0.932000 59.000000 59.000000 51.000000
0.817000 17.305000 1.030000 32.000000 29.000000 24.000000
0.792000 17.285000 0.971000 36.000000 33.000000 28.000000
0.925000 17.299000 1.021000 32.000000 29.000000 24.000000
0.624000 17.293000 0.978000 35.000000 32.000000 27.000000
1.032000 17.303000 1.043000 32.000000 29.000000 22.000000
0.755000 17.304000 1.022000 33.000000 30.000000 25.000000
0.595000 17.282000 0.945000 33.000000 29.000000 28.000000
0.653000 17.303000 1.008000 33.000000 30.000000 25.000000
0.752000 17.289000 0.979000 36.000000 33.000000 28.000000
0.667000 17.277000 0.936000 44.000000 41.000000 36.000000
0.859000 17.294000 1.002000 33.000000 30.000000 25.000000
1.003000 17.294000 1.014000 33.000000 30.000000 23.000000
0.993000 17.295000 1.015000 32.000000 29.000000 22.000000
1.154000 17.302000 1.049000 31.000000 28.000000 21.000000
0.726000 17.295000 0.992000 35.000000 32.000000 27.000000
0.610000 17.274000 0.922000 147.000000 144.000000 125.000000
0.710000 17.304000 1.016000 33.000000 30.000000 25.000000
1.006000 17.293000 1.012000 34.000000 31.000000 24.000000
1.010000 17.299000 1.031000 32.000000 29.000000 22.000000
0.615000 17.282000 0.946000 40.000000 37.000000 32.000000
0.985000 17.292000 1.008000 34.000000 31.000000 24.000000
1.092000 17.298000 1.034000 31.000000 28.000000 21.000000
0.751000 17.308000 1.031000 32.000000 29.000000 24.000000
0.631000 17.282000 0.949000 38.000000 35.000000 30.000000
0.978000 17.298000 1.025000 32.000000 29.000000 22.000000
1.134000 17.300000 1.043000 31.000000 28.000000 21.000000
1.040000 17.297000 1.026000 32.000000 29.000000 20.000000
0.731000 17.285000 0.964000 37.000000 34.000000 29.000000
0.811000 17.301000 1.017000 33.000000 30.000000 25.000000
0.633000 17.288000 0.965000 35.000000 34.000000 29.000000
0.778000 17.295000 0.996000 34.000000 31.000000 26.000000
0.881000 17.300000 1.019000 33.000000 30.000000 25.000000
0.747000 17.307000 1.029000 32.000000 29.000000 24.000000
0.734000 17.293000 0.988000 35.000000 32.000000 27.000000
0.818000 17.300000 1.017000 33.000000 30.000000 25.000000
0.737000 17.282000 0.957000 37.000000 34.000000 27.000000
0.683000 17.308000 1.025000 33.000000 30.000000 25.000000
0.886000 17.297000 1.012000 38.000000 35.000000 30.000000
0.922000 17.297000 1.015000 33.000000 30.000000 23.000000
0.714000 17.304000 1.016000 33.000000 30.000000 25.000000
0.938000 17.295000 1.011000 33.000000 30.000000 23.000000
0.809000 17.293000 0.995000 34.000000 31.000000 26.000000
0.640000 17.305000 1.013000 32.000000 29.000000 24.000000
0.748000 17.297000 1.001000 34.000000 31.000000 26.000000
0.801000 17.287000 0.976000 36.000000 33.000000 28.000000
0.787000 17.303000 1.021000 34.000000 31.000000 26.000000
0.581000 17.274000 0.920000 149.000000 145.000000 133.000000
0.919000 17.304000 1.035000 33.000000 30.000000 25.000000
0.917000 17.305000 1.038000 33.000000 30.000000 25.000000
0.651000 17.305000 1.013000 32.000000 29.000000 24.000000
0.665000 17.286000 0.963000 38.000000 35.000000 28.000000
0.723000 17.304000 1.019000 33.000000 30.000000 25.000000
0.886000 17.292000 0.998000 32.000000 29.000000 24.000000
0.700000 17.294000 0.988000 35.000000 32.000000 27.000000
0.643000 17.281000 0.945000 38.000000 33.000000 29.000000
0.770000 17.303000 1.019000 34.000000 31.000000 26.000000
0.633000 17.301000 1.003000 33.000000 30.000000 25.000000
0.958000 17.295000 1.012000 34.000000 31.000000 24.000000
0.981000 17.294000 1.012000 32.000000 29.000000 22.000000
0.634000 17.284000 0.954000 38.000000 35.000000 28.000000
0.863000 17.290000 0.990000 34.000000 31.000000 26.000000
0.782000 17.289000 0.982000 36.000000 33.000000 28.000000
0.684000 17.302000 1.009000 34.000000 31.000000 26.000000
0.717000 17.291000 0.980000 36.000000 33.000000 28.000000
0.838000 17.300000 1.017000 33.000000 30.000000 25.000000
0.680000 17.285000 0.959000 38.000000 35.000000 28.000000
1.073000 17.299000 1.034000 32.000000 29.000000 20.000000
0.812000 17.290000 0.987000 35.000000 32.000000 27.000000
0.723000 17.301000 1.010000 34.000000 31.000000 26.000000
0.817000 17.306000 1.031000 32.000000 29.000000 24.000000
0.616000 17.294000 0.980000 35.000000 32.000000 27.000000
0.860000 17.290000 0.990000 33.000000 30.000000 25.000000
0.932000 17.289000 0.995000 33.000000 30.000000 23.000000
0.591000 17.282000 0.944000 37.000000 36.000000 34.000000
0.683000 17.283000 0.955000 39.000000 36.000000 29.000000
0.673000 17.285000 0.960000 37.000000 34.000000 27.000000
0.770000 17.305000 1.025000 33.000000 30.000000 25.000000
0.678000 17.278000 0.941000 36.000000 32.000000 29.000000
0.641000 17.284000 0.955000 38.000000 35.000000 28.000000
0.951000 17.304000 1.038000 31.000000 28.000000 23.000000
0.762000 17.294000 0.992000 35.000000 32.000000 27.000000
0.832000 17.304000 1.029000 32.000000 29.000000 24.000000
0.723000 17.297000 0.999000 35.000000 32.000000 27.000000
0.737000 17.279000 0.949000 38.000000 35.000000 30.000000
0.786000 17.292000 0.990000 34.000000 31.000000 26.000000
0.819000 17.287000 0.977000 36.000000 33.000000 28.000000
0.702000 17.294000 0.987000 35.000000 32.000000 27.000000
1.024000 17.303000 1.042000 31.000000 28.000000 21.000000
0.853000 17.297000 1.009000 34.000000 31.000000 26.000000
0.676000 17.307000 1.023000 33.000000 30.000000 25.000000
0.846000 17.297000 1.008000 34.000000 31.000000 26.000000
0.983000 17.292000 1.007000 34.000000 31.000000 24.000000
0.717000 17.279000 0.946000 38.000000 35.000000 30.000000
1.058000 17.303000 1.044000 31.000000 28.000000 21.000000
0.826000 17.284000 0.971000 36.000000 33.000000 28.000000
0.690000 17.284000 0.958000 37.000000 34.000000 27.000000
0.987000 17.294000 1.014000 32.000000 29.000000 22.000000
0.677000 17.303000 1.011000 34.000000 31.000000 26.000000
0.859000 17.306000 1.036000 32.000000 29.000000 24.000000
0.878000 17.302000 1.025000 32.000000 29.000000 24.000000
0.654000 17.311000 1.031000 32.000000 29.000000 24.000000
1.098000 17.298000 1.034000 31.000000 28.000000 21.000000
0.818000 17.302000 1.020000 33.000000 30.000000 25.000000
1.103000 17.299000 1.037000 30.000000 27.000000 20.000000
0.567000 17.276000 0.925000 146.000000 144.000000 123.000000
1.169000 17.297000 1.060000 30.000000 27.000000 20.000000
0.992000 17.289000 1.081000 33.000000 30.000000 25.000000
1.036000 17.288000 1.082000 30.000000 29.000000 25.000000
1.012000 17.276000 1.105000 149.000000 149.000000 125.000000
0.917000 17.286000 1.090000 23.000000 22.000000 20.000000
0.910000 17.275000 1.110000 141.000000 136.000000 114.000000
1.238000 17.279000 1.090000 13.000000 13.000000 13.000000
0.958000 17.287000 1.086000 32.000000 31.000000 26.000000
1.149000 17.294000 1.066000 31.000000 29.000000 17.000000
1.117000 17.276000 1.101000 170.000000 168.000000 147.000000
1.203000 17.294000 1.064000 23.000000 23.000000 23.000000
1.120000 17.276000 1.100000 169.000000 167.000000 146.000000
0.934000 17.286000 1.090000 30.000000 29.000000 27.000000
0.911000 17.284000 1.094000 15.000000 12.000000 5.000000
1.173000 17.290000 1.072000 33.000000 31.000000 19.000000
1.023000 17.280000 1.096000 40.000000 38.000000 25.000000
1.055000 17.274000 1.106000 144.000000 143.000000 115.000000
1.167000 17.275000 1.101000 180.000000 178.000000 155.000000
1.167000 17.277000 1.096000 86.000000 85.000000 64.000000
1.111000 17.296000 1.064000 32.000000 29.000000 22.000000
1.074000 17.275000 1.105000 143.000000 143.000000 117.000000
1.003000 17.281000 1.096000 28.000000 26.000000 13.000000
1.100000 17.291000 1.074000 30.000000 27.000000 20.000000
0.690000 17.275000 1.119000 145.000000 142.000000 125.000000
0.996000 17.290000 1.080000 36.000000 33.000000 28.000000
1.076000 17.294000 1.069000 33.000000 29.000000 18.000000
1.188000 17.288000 1.075000 31.000000 30.000000 25.000000
1.251000 17.276000 1.095000 18.000000 18.000000 18.000000
1.022000 17.287000 1.084000 30.000000 29.000000 24.000000
0.926000 17.286000 1.090000 30.000000 29.000000 27.000000
1.089000 17.286000 1.083000 30.000000 27.000000 22.000000
1.184000 17.276000 1.098000 75.000000 74.000000 54.000000
0.979000 17.282000 1.094000 21.000000 19.000000 7.000000
1.095000 17.277000 1.099000 190.000000 188.000000 167.000000
0.928000 17.286000 1.089000 30.000000 29.000000 27.000000
1.072000 17.285000 1.086000 30.000000 29.000000 25.000000
1.015000 17.286000 1.086000 34.000000 31.000000 26.000000
0.953000 17.280000 1.100000 123.000000 120.000000 101.000000
1.145000 17.288000 1.077000 31.000000 28.000000 23.000000
0.805000 17.278000 1.110000 141.000000 139.000000 116.000000
1.251000 17.276000 1.095000 18.000000 18.000000 18.000000
1.078000 17.283000 1.090000 32.000000 32.000000 24.000000
1.096000 17.289000 1.078000 33.000000 30.000000 25.000000
0.994000 17.281000 1.097000 75.000000 73.000000 58.000000
0.791000 17.280000 1.106000 147.000000 145.000000 124.000000
0.855000 17.284000 1.096000 18.000000 15.000000 6.000000
0.928000 17.279000 1.102000 119.000000 117.000000 92.000000
0.972000 17.279000 1.102000 121.000000 118.000000 99.000000
0.909000 17.280000 1.101000 106.000000 104.000000 81.000000
0.941000 17.286000 1.090000 31.000000 31.000000 23.000000
1.115000 17.287000 1.081000 32.000000 29.000000 24.000000
0.976000 17.288000 1.085000 32.000000 31.000000 26.000000
1.193000 17.282000 1.086000 25.000000 24.000000 19.000000
1.027000 17.275000 1.106000 140.000000 139.000000 111.000000
0.999000 17.280000 1.099000 76.000000 74.000000 59.000000
1.159000 17.277000 1.097000 60.000000 59.000000 38.000000
1.188000 17.277000 1.096000 81.000000 80.000000 60.000000
1.060000 17.295000 1.068000 34.000000 32.000000 20.000000
1.094000 17.280000 1.094000 62.000000 60.000000 45.000000
1.151000 17.280000 1.092000 16.000000 16.000000 4.000000
1.157000 17.281000 1.089000 30.000000 30.000000 22.000000
1.184000 17.277000 1.097000 75.000000 74.000000 54.000000
0.922000 17.280000 1.100000 96.000000 94.000000 69.000000
1.163000 17.289000 1.074000 31.000000 28.000000 19.000000
1.119000 17.282000 1.090000 28.000000 25.000000 16.000000
0.927000 17.286000 1.089000 30.000000 29.000000 27.000000
0.880000 17.284000 1.096000 16.000000 13.000000 4.000000
0.969000 17.276000 1.107000 140.000000 138.000000 113.000000
1.080000 17.285000 1.086000 32.000000 29.000000 22.000000
1.117000 17.283000 1.088000 28.000000 25.000000 16.000000
1.060000 17.282000 1.093000 16.000000 16.000000 4.000000
0.921000 17.285000 1.092000 24.000000 23.000000 21.000000
0.877000 17.277000 1.108000 140.000000 135.000000 115.000000
0.868000 17.281000 1.101000 89.000000 86.000000 71.000000
0.965000 17.277000 1.104000 152.000000 150.000000 129.000000
0.879000 17.274000 1.113000 144.000000 140.000000 115.000000
1.128000 17.298000 1.059000 30.000000 27.000000 20.000000
1.132000 17.286000 1.081000 30.000000 26.000000 23.000000
1.073000 17.278000 1.099000 179.000000 179.000000 155.000000
1.172000 17.291000 1.070000 33.000000 31.000000 19.000000
1.015000 17.283000 1.092000 24.000000 21.000000 12.000000
1.139000 17.281000 1.090000 25.000000 25.000000 17.000000
1.169000 17.299000 1.056000 31.000000 28.000000 21.000000
0.964000 17.288000 1.084000 31.000000 30.000000 25.000000
1.062000 17.292000 1.073000 33.000000 30.000000 23.000000
1.129000 17.277000 1.098000 61.000000 60.000000 39.000000
1.166000 17.283000 1.086000 29.000000 28.000000 23.000000
0.940000 17.274000 1.111000 145.000000 141.000000 114.000000
0.762000 17.279000 1.109000 140.000000 139.000000 119.000000
1.120000 17.274000 1.105000 145.000000 143.000000 118.000000
1.167000 17.279000 1.094000 81.000000 80.000000 62.000000
0.828000 17.283000 1.099000 51.000000 47.000000 36.000000
1.119000 17.298000 1.060000 30.000000 27.000000 20.000000
1.193000 17.278000 1.094000 90.000000 88.000000 73.000000
1.001000 17.289000 1.082000 34.000000 31.000000 26.000000
1.198000 17.281000 1.088000 29.000000 29.000000 21.000000
1.131000 17.283000 1.088000 28.000000 28.000000 20.000000
1.023000 17.287000 1.084000 30.000000 29.000000 24.000000
1.039000 17.289000 1.081000 30.000000 29.000000 25.000000
1.086000 17.277000 1.100000 153.000000 151.000000 130.000000
0.817000 17.279000 1.108000 139.000000 137.000000 116.000000
0.796000 17.278000 1.110000 137.000000 135.000000 112.000000
0.705000 17.274000 1.121000 149.000000 142.000000 124.000000
1.156000 17.300000 1.055000 31.000000 28.000000 21.000000
1.153000 17.283000 1.086000 29.000000 28.000000 23.000000
0.849000 17.281000 1.103000 172.000000 169.000000 150.000000
0.797000 17.281000 1.105000 144.000000 141.000000 124.000000
0.999000 17.280000 1.097000 76.000000 74.000000 59.000000
0.936000 17.288000 1.086000 34.000000 33.000000 28.000000
1.026000 17.274000 1.109000 143.000000 142.000000 112.000000
1.026000 17.282000 1.094000 41.000000 39.000000 26.000000
1.196000 17.280000 1.090000 56.000000 56.000000 46.000000
1.083000 17.287000 1.081000 32.000000 29.000000 24.000000
0.987000 17.289000 1.082000 32.000000 29.000000 24.000000
1.134000 17.275000 1.101000 160.000000 158.000000 135.000000
0.955000 17.282000 1.097000 84.000000 82.000000 67.000000
0.940000 17.282000 1.097000 81.000000 79.000000 64.000000
1.146000 17.285000 1.084000 29.000000 28.000000 24.000000
1.225000 17.288000 1.074000 20.000000 20.000000 20.000000
1.135000 17.281000 1.090000 17.000000 17.000000 5.000000
1.227000 17.274000 1.100000 22.000000 22.000000 22.000000
0.865000 17.279000 1.106000 142.000000 137.000000 117.000000
1.217000 17.285000 1.079000 9.000000 10.000000 12.000000
0.909000 17.275000 1.111000 141.000000 136.000000 114.000000
1.170000 17.276000 1.098000 79.000000 78.000000 57.000000
0.777000 17.276000 1.113000 142.000000 140.000000 119.000000
0.733000 17.274000 1.119000 147.000000 142.000000 123.000000
1.250000 17.278000 1.091000 9.000000 9.000000 9.000000
1.185000 17.276000 1.098000 75.000000 74.000000 54.000000
1.187000 17.287000 1.077000 30.000000 29.000000 24.000000
0.962000 17.286000 1.089000 33.000000 33.000000 25.000000
1.057000 17.279000 1.098000 69.000000 68.000000 48.000000
0.898000 17.282000 1.098000 68.000000 66.000000 51.000000
1.171000 17.298000 1.059000 30.000000 27.000000 20.000000
0.916000 17.277000 1.106000 142.000000 138.000000 111.000000
0.788000 17.276000 1.113000 141.000000 139.000000 118.000000
1.121000 17.287000 1.080000 31.000000 28.000000 23.000000
1.165000 17.300000 1.054000 31.000000 28.000000 21.000000
1.114000 17.276000 1.101000 169.000000 167.000000 146.000000
1.049000 17.291000 1.076000 31.000000 30.000000 25.000000
1.162000 17.289000 1.074000 33.000000 30.000000 21.000000
0.966000 17.275000 1.108000 140.000000 138.000000 113.000000
1.001000 17.283000 1.092000 23.000000 20.000000 11.000000
0.947000 17.286000 1.090000 31.000000 31.000000 23.000000
1.104000 17.283000 1.088000 32.000000 29.000000 20.000000
1.127000 17.277000 1.098000 61.000000 60.000000 39.000000
0.966000 17.286000 1.088000 33.000000 33.000000 25.000000
1.223000 17.288000 1.075000 20.000000 20.000000 20.000000
0.970000 17.288000 1.084000 31.000000 30.000000 25.000000
0.916000 17.277000 1.107000 142.000000 138.000000 111.000000
1.107000 17.278000 1.098000 74.000000 71.000000 54.000000
1.073000 17.277000 1.100000 179.000000 179.000000 155.000000
0.942000 17.282000 1.097000 80.000000 78.000000 63.000000
1.125000 17.278000 1.098000 69.000000 66.000000 49.000000
1.030000 17.288000 1.082000 30.000000 29.000000 24.000000
1.157000 17.276000 1.100000 141.000000 139.000000 116.000000
1.015000 17.292000 1.076000 31.000000 30.000000 25.000000
1.161000 17.275000 1.101000 154.000000 152.000000 129.000000
1.205000 17.285000 1.082000 10.000000 10.000000 10.000000
0.738000 17.276000 1.116000 143.000000 140.000000 121.000000
0.914000 17.287000 1.088000 30.000000 28.000000 29.000000
0.865000 17.283000 1.097000 59.000000 57.000000 45.000000
1.171000 17.282000 1.088000 28.000000 28.000000 20.000000
0.966000 17.283000 1.094000 35.000000 33.000000 21.000000
0.928000 17.288000 1.086000 33.000000 32.000000 28.000000
1.163000 17.279000 1.093000 29.000000 29.000000 17.000000
1.070000 17.282000 1.092000 16.000000 16.000000 4.000000
0.975000 17.286000 1.087000 32.000000 31.000000 26.000000
1.149000 17.289000 1.076000 30.000000 27.000000 22.000000
0.974000 17.291000 1.079000 34.000000 31.000000 26.000000
1.109000 17.296000 1.065000 32.000000 29.000000 22.000000
0.916000 17.282000 1.098000 77.000000 76.000000 58.000000
1.227000 17.279000 1.091000 18.000000 18.000000 16.000000
0.769000 17.278000 1.111000 144.000000 141.000000 122.000000
1.115000 17.297000 1.062000 30.000000 27.000000 20.000000
0.835000 17.278000 1.108000 142.000000 140.000000 119.000000
0.931000 17.281000 1.098000 76.000000 75.000000 57.000000
0.952000 17.275000 1.109000 142.000000 138.000000 111.000000
1.065000 17.284000 1.088000 30.000000 30.000000 22.000000
1.149000 17.282000 1.088000 31.000000 31.000000 23.000000
0.838000 17.279000 1.106000 138.000000 136.000000 115.000000
0.777000 17.280000 1.107000 148.000000 145.000000 126.000000
1.171000 17.276000 1.099000 79.000000 78.000000 57.000000
1.194000 17.281000 1.088000 19.000000 19.000000 11.000000
1.072000 17.292000 1.073000 33.000000 28.000000 22.000000
1.183000 17.273000 1.104000 147.000000 146.000000 118.000000
1.069000 17.280000 0.942000 34.000000 31.000000 26.000000
0.726000 17.276000 0.932000 52.000000 50.000000 38.000000
0.725000 17.278000 0.945000 36.000000 33.000000 28.000000
0.995000 17.285000 0.969000 35.000000 32.000000 23.000000
0.901000 17.278000 0.939000 37.000000 34.000000 29.000000
0.925000 17.287000 0.985000 35.000000 32.000000 25.000000
1.013000 17.287000 0.980000 35.000000 32.000000 25.000000
0.660000 17.274000 0.925000 140.000000 139.000000 121.000000
1.122000 17.276000 0.921000 151.000000 141.000000 116.000000
0.837000 17.278000 0.942000 38.000000 34.000000 31.000000
1.132000 17.280000 0.942000 35.000000 32.000000 25.000000
1.124000 17.278000 0.931000 36.000000 34.000000 22.000000
1.033000 17.274000 0.915000 138.000000 132.000000 106.000000
1.067000 17.279000 0.940000 36.000000 33.000000 28.000000
0.716000 17.275000 0.931000 49.000000 47.000000 32.000000
1.126000 17.292000 1.002000 33.000000 30.000000 23.000000
1.148000 17.279000 0.936000 37.000000 34.000000 25.000000
1.103000 17.284000 0.961000 35.000000 32.000000 23.000000
1.136000 17.285000 0.966000 34.000000 31.000000 22.000000
1.106000 17.274000 0.912000 139.000000 131.000000 108.000000
1.147000 17.289000 0.989000 34.000000 31.000000 24.000000
0.931000 17.282000 0.958000 37.000000 34.000000 25.000000
1.132000 17.284000 0.963000 34.000000 31.000000 22.000000
0.944000 17.288000 0.987000 33.000000 30.000000 23.000000
0.932000 17.276000 0.925000 118.000000 116.000000 101.000000
1.140000 17.297000 1.031000 32.000000 29.000000 22.000000
0.928000 17.276000 0.925000 130.000000 128.000000 113.000000
0.949000 17.286000 0.978000 34.000000 31.000000 24.000000
0.865000 17.276000 0.930000 44.000000 42.000000 29.000000
0.771000 17.274000 0.920000 143.000000 135.000000 112.000000
1.161000 17.287000 0.976000 34.000000 31.000000 24.000000
1.143000 17.278000 0.933000 35.000000 33.000000 21.000000
1.084000 17.279000 0.936000 36.000000 33.000000 24.000000
1.088000 17.288000 0.986000 33.000000 30.000000 23.000000
0.964000 17.279000 0.943000 36.000000 33.000000 26.000000
0.873000 17.278000 0.940000 38.000000 35.000000 30.000000
1.103000 17.294000 1.014000 33.000000 30.000000 23.000000
0.802000 17.277000 0.937000 39.000000 36.000000 29.000000
1.159000 17.277000 0.923000 61.000000 59.000000 47.000000
1.112000 17.293000 1.008000 32.000000 29.000000 22.000000
1.114000 17.292000 1.002000 33.000000 30.000000 23.000000
1.013000 17.279000 0.940000 34.000000 31.000000 22.000000
1.101000 17.274000 0.910000 138.000000 130.000000 107.000000
1.093000 17.285000 0.970000 34.000000 31.000000 24.000000
0.959000 17.288000 0.989000 35.000000 32.000000 25.000000
1.093000 17.293000 1.007000 33.000000 30.000000 23.000000
0.934000 17.285000 0.971000 36.000000 33.000000 26.000000
1.134000 17.282000 0.950000 35.000000 32.000000 25.000000
1.006000 17.280000 0.944000 36.000000 33.000000 26.000000
0.970000 17.289000 0.992000 34.000000 31.000000 24.000000
0.800000 17.281000 0.958000 36.000000 33.000000 24.000000
0.910000 17.287000 0.985000 34.000000 31.000000 24.000000
0.959000 17.284000 0.969000 36.000000 33.000000 26.000000
0.951000 17.286000 0.979000 34.000000 31.000000 24.000000
1.057000 17.288000 0.987000 33.000000 30.000000 21.000000
1.096000 17.278000 0.931000 35.000000 33.000000 21.000000
0.997000 17.277000 0.932000 35.000000 33.000000 21.000000
0.973000 17.281000 0.953000 37.000000 35.000000 23.000000
1.091000 17.285000 0.969000 34.000000 31.000000 22.000000
0.659000 17.275000 0.929000 57.000000 55.000000 42.000000
1.131000 17.278000 0.933000 33.000000 31.000000 19.000000
0.835000 17.280000 0.952000 36.000000 33.000000 26.000000
1.125000 17.279000 0.935000 37.000000 34.000000 25.000000
1.047000 17.275000 0.916000 137.000000 131.000000 105.000000
1.186000 17.277000 0.927000 43.000000 43.000000 33.000000
0.915000 17.281000 0.955000 37.000000 34.000000 25.000000
1.017000 17.292000 1.007000 33.000000 30.000000 23.000000
1.022000 17.291000 1.002000 34.000000 31.000000 24.000000
1.004000 17.290000 0.999000 35.000000 32.000000 25.000000
1.101000 17.278000 0.933000 36.000000 34.000000 22.000000
1.185000 17.286000 0.971000 35.000000 32.000000 25.000000
0.819000 17.275000 0.928000 70.000000 68.000000 53.000000
0.758000 17.280000 0.953000 37.000000 34.000000 27.000000
1.083000 17.278000 0.934000 38.000000 36.000000 24.000000
0.942000 17.280000 0.947000 38.000000 35.000000 26.000000
1.039000 17.281000 0.949000 35.000000 32.000000 23.000000
0.885000 17.275000 0.924000 141.000000 140.000000 122.000000
1.045000 17.291000 1.003000 34.000000 31.000000 22.000000
0.911000 17.278000 0.939000 36.000000 33.000000 28.000000
0.861000 17.278000 0.941000 36.000000 32.000000 29.000000
1.161000 17.296000 1.023000 33.000000 30.000000 23.000000
1.102000 17.280000 0.945000 38.000000 35.000000 28.000000
1.024000 17.274000 0.915000 143.000000 135.000000 112.000000
1.180000 17.293000 1.006000 35.000000 31.000000 22.000000
1.165000 17.281000 0.948000 35.000000 32.000000 25.000000
0.969000 17.290000 0.996000 34.000000 31.000000 24.000000
1.073000 17.292000 1.006000 33.000000 30.000000 21.000000
1.136000 17.287000 0.976000 34.000000 31.000000 24.000000
1.135000 17.283000 0.958000 35.000000 32.000000 25.000000
1.062000 17.296000 1.024000 32.000000 29.000000 20.000000
0.984000 17.277000 0.929000 38.000000 36.000000 24.000000
0.927000 17.278000 0.937000 36.000000 33.000000 28.000000
1.109000 17.294000 1.014000 31.000000 28.000000 21.000000
1.106000 17.280000 0.940000 35.000000 32.000000 23.000000
1.157000 17.294000 1.015000 33.000000 30.000000 23.000000
1.156000 17.273000 0.904000 141.000000 132.000000 101.000000
0.833000 17.283000 0.967000 35.000000 32.000000 25.000000
0.876000 17.278000 0.937000 38.000000 35.000000 28.000000
0.853000 17.280000 0.952000 36.000000 33.000000 26.000000
1.137000 17.280000 0.942000 35.000000 32.000000 25.000000
0.964000 17.289000 0.994000 35.000000 32.000000 25.000000
0.908000 17.286000 0.978000 35.000000 32.000000 25.000000
1.066000 17.287000 0.980000 34.000000 31.000000 22.000000
0.861000 17.281000 0.954000 35.000000 32.000000 25.000000
0.940000 17.288000 0.988000 34.000000 31.000000 24.000000
0.954000 17.283000 0.962000 37.000000 34.000000 25.000000
0.842000 17.284000 0.971000 36.000000 33.000000 28.000000
1.160000 17.283000 0.955000 35.000000 32.000000 25.000000
0.844000 17.277000 0.935000 37.000000 34.000000 27.000000
0.747000 17.274000 0.921000 146.000000 139.000000 113.000000
0.920000 17.286000 0.980000 35.000000 32.000000 25.000000
0.902000 17.287000 0.985000 34.000000 31.000000 26.000000
1.160000 17.294000 1.011000 33.000000 30.000000 23.000000
1.061000 17.279000 0.937000 34.000000 31.000000 26.000000
1.129000 17.295000 1.017000 33.000000 30.000000 23.000000
1.052000 17.274000 0.916000 136.000000 129.000000 103.000000
0.795000 17.276000 0.933000 44.000000 41.000000 32.000000
1.138000 17.276000 0.921000 150.000000 142.000000 123.000000
1.179000 17.273000 0.906000 140.000000 134.000000 108.000000
1.012000 17.280000 0.948000 36.000000 33.000000 26.000000
1.029000 17.279000 0.938000 34.000000 31.000000 22.000000
1.091000 17.285000 0.971000 34.000000 31.000000 24.000000
0.760000 17.278000 0.943000 37.000000 33.000000 30.000000
1.042000 17.286000 0.977000 34.000000 31.000000 22.000000
0.668000 17.275000 0.928000 112.000000 110.000000 95.000000
1.068000 17.276000 0.922000 150.000000 144.000000 118.000000
0.945000 17.277000 0.932000 38.000000 35.000000 26.000000
1.160000 17.291000 0.997000 34.000000 31.000000 24.000000
0.898000 17.284000 0.969000 34.000000 31.000000 26.000000
1.060000 17.290000 0.994000 33.000000 30.000000 21.000000
0.876000 17.280000 0.950000 36.000000 33.000000 26.000000
0.986000 17.290000 1.000000 33.000000 30.000000 23.000000
0.858000 17.284000 0.970000 36.000000 33.000000 28.000000
1.111000 17.281000 0.948000 35.000000 32.000000 25.000000
0.894000 17.286000 0.978000 35.000000 32.000000 27.000000
1.174000 17.273000 0.906000 139.000000 132.000000 103.000000
0.972000 17.280000 0.946000 37.000000 34.000000 27.000000
0.934000 17.276000 0.924000 118.000000 116.000000 101.000000
1.142000 17.276000 0.922000 147.000000 139.000000 118.000000
1.061000 17.281000 0.950000 35.000000 32.000000 23.000000
0.840000 17.278000 0.941000 36.000000 32.000000 29.000000
0.916000 17.275000 0.924000 127.000000 126.000000 108.000000
0.997000 17.283000 0.959000 36.000000 33.000000 24.000000
1.051000 17.279000 0.937000 32.000000 29.000000 24.000000
0.743000 17.275000 0.927000 102.000000 99.000000 80.000000
1.172000 17.294000 1.010000 33.000000 30.000000 23.000000
0.968000 17.286000 0.979000 35.000000 32.000000 25.000000
1.099000 17.274000 0.911000 142.000000 134.000000 111.000000
1.151000 17.288000 0.982000 34.000000 31.000000 24.000000
1.172000 17.294000 1.011000 33.000000 30.000000 23.000000
1.093000 17.289000 0.987000 33.000000 30.000000 23.000000
0.789000 17.275000 0.928000 83.000000 80.000000 65.000000
0.904000 17.279000 0.946000 39.000000 35.000000 32.000000
0.881000 17.286000 0.980000 34.000000 31.000000 26.000000
1.002000 17.289000 0.990000 33.000000 30.000000 23.000000
1.084000 17.282000 0.953000 34.000000 31.000000 24.000000
1.120000 17.288000 0.985000 33.000000 30.000000 23.000000
0.894000 17.277000 0.935000 37.000000 34.000000 27.000000
1.037000 17.278000 0.932000 34.000000 31.000000 24.000000
1.126000 17.291000 0.999000 34.000000 31.000000 24.000000
1.106000 17.277000 0.929000 33.000000 31.000000 19.000000
1.181000 17.288000 0.980000 37.000000 33.000000 24.000000
0.867000 17.280000 0.949000 36.000000 33.000000 28.000000
0.942000 17.275000 0.921000 151.000000 141.000000 116.000000
0.981000 17.289000 0.994000 34.000000 31.000000 24.000000
1.101000 17.285000 0.969000 34.000000 31.000000 22.000000
1.088000 17.289000 0.991000 33.000000 30.000000 23.000000
1.103000 17.293000 1.008000 33.000000 30.000000 23.000000
1.140000 17.275000 0.915000 134.000000 126.000000 103.000000
0.909000 17.282000 0.960000 36.000000 33.000000 26.000000
0.847000 17.282000 0.960000 36.000000 33.000000 24.000000
1.023000 17.282000 0.958000 35.000000 32.000000 23.000000
0.868000 17.276000 0.930000 44.000000 42.000000 29.000000
1.034000 17.280000 0.943000 34.000000 31.000000 26.000000
1.119000 17.290000 0.992000 33.000000 30.000000 23.000000
0.941000 17.288000 0.988000 34.000000 31.000000 24.000000
0.930000 17.284000 0.968000 36.000000 33.000000 26.000000
1.007000 17.290000 0.997000 35.000000 32.000000 25.000000
0.994000 17.291000 1.002000 33.000000 30.000000 23.000000
1.028000 17.276000 0.924000 96.000000 94.000000 81.000000
0.958000 17.286000 0.976000 35.000000 32.000000 25.000000
1.048000 17.281000 0.951000 35.000000 32.000000 23.000000
1.173000 17.298000 1.031000 33.000000 30.000000 23.000000
0.979000 17.279000 0.942000 37.000000 34.000000 29.000000
0.772000 17.279000 0.949000 39.000000 36.000000 31.000000
1.178000 17.294000 1.012000 36.000000 32.000000 23.000000
0.978000 17.276000 0.925000 117.000000 115.000000 100.000000
0.756000 17.280000 0.952000 38.000000 35.000000 30.000000
1.157000 17.287000 0.979000 34.000000 31.000000 24.000000
0.770000 17.277000 0.937000 40.000000 35.000000 29.000000
1.072000 17.284000 0.966000 34.000000 31.000000 22.000000
0.940000 17.286000 0.977000 35.000000 32.000000 25.000000
0.976000 17.274000 0.914000 145.000000 135.000000 108.000000
0.855000 17.276000 0.929000 43.000000 41.000000 28.000000
0.969000 17.290000 0.999000 34.000000 31.000000 24.000000
1.099000 17.276000 0.922000 147.000000 140.000000 114.000000
0.847000 17.282000 0.963000 36.000000 33.000000 26.000000
0.983000 17.282000 0.954000 36.000000 33.000000 26.000000
0.725000 17.278000 0.942000 38.000000 34.000000 31.000000
0.774000 17.274000 0.923000 148.000000 145.000000 128.000000
1.144000 17.297000 1.029000 32.000000 29.000000 22.000000
1.094000 17.289000 0.989000 33.000000 30.000000 23.000000
0.941000 17.288000 0.989000 33.000000 30.000000 23.000000
1.177000 17.298000 1.032000 33.000000 30.000000 23.000000
0.907000 17.282000 0.960000 36.000000 33.000000 26.000000
0.982000 17.276000 0.923000 121.000000 119.000000 104.000000
0.773000 17.277000 0.940000 41.000000 36.000000 32.000000
1.168000 17.292000 1.005000 34.000000 31.000000 24.000000
1.014000 17.277000 0.929000 37.000000 35.000000 23.000000
0.899000 17.283000 0.965000 35.000000 32.000000 27.000000
0.660000 17.274000 0.925000 140.000000 139.000000 121.000000
0.928000 17.282000 0.956000 37.000000 34.000000 25.000000
1.176000 17.277000 0.926000 38.000000 35.000000 26.000000
0.773000 17.281000 0.956000 37.000000 34.000000 27.000000
1.134000 17.288000 0.982000 33.000000 30.000000 23.000000
1.170000 17.274000 0.911000 133.000000 128.000000 99.000000
1.090000 17.295000 1.019000 32.000000 29.000000 22.000000
0.944000 17.285000 0.975000 34.000000 31.000000 24.000000
0.898000 17.278000 0.937000 37.000000 34.000000 27.000000
0.907000 17.280000 0.951000 36.000000 33.000000 26.000000
1.058000 17.285000 0.970000 34.000000 31.000000 24.000000
1.029000 17.274000 0.916000 141.000000 133.000000 110.000000
1.170000 17.278000 0.928000 43.000000 41.000000 29.000000
1.051000 17.280000 0.942000 33.000000 30.000000 25.000000
1.057000 17.287000 0.981000 34.000000 31.000000 22.000000
1.181000 17.284000 0.963000 34.000000 30.000000 21.000000
0.833000 17.280000 0.950000 36.000000 33.000000 26.000000
0.943000 17.274000 0.914000 145.000000 135.000000 110.000000
0.899000 17.287000 0.983000 34.000000 31.000000 26.000000
0.799000 17.279000 0.947000 38.000000 35.000000 30.000000
0.957000 17.280000 0.946000 37.000000 34.000000 27.000000
0.904000 17.286000 0.978000 35.000000 32.000000 25.000000
1.022000 17.282000 0.953000 35.000000 32.000000 25.000000
0.853000 17.281000 0.956000 36.000000 33.000000 24.000000
1.002000 17.285000 0.971000 34.000000 31.000000 24.000000
1.167000 17.290000 0.994000 34.000000 31.000000 24.000000
1.065000 17.293000 1.009000 33.000000 30.000000 21.000000
0.888000 17.275000 0.923000 143.000000 142.000000 122.000000
0.868000 17.277000 0.934000 40.000000 37.000000 28.000000
1.074000 17.295000 1.021000 33.000000 30.000000 21.000000
0.937000 17.282000 0.959000 37.000000 35.000000 23.000000
1.146000 17.290000 0.994000 34.000000 31.000000 24.000000
1.157000 17.299000 1.038000 32.000000 29.000000 22.000000
0.744000 17.275000 0.930000 58.000000 55.000000 40.000000
0.989000 17.290000 0.995000 33.000000 30.000000 23.000000
1.012000 17.274000 0.912000 145.000000 138.000000 112.000000
0.977000 17.281000 0.950000 37.000000 35.000000 23.000000
1.064000 17.274000 0.914000 139.000000 132.000000 106.000000
1.136000 17.280000 0.939000 35.000000 32.000000 23.000000
0.888000 17.281000 0.954000 35.000000 32.000000 25.000000
1.153000 17.278000 0.930000 38.000000 36.000000 24.000000
0.972000 17.285000 0.972000 35.000000 32.000000 25.000000
1.073000 17.295000 1.022000 33.000000 30.000000 21.000000
1.030000 17.283000 0.959000 35.000000 32.000000 23.000000
0.835000 17.282000 0.963000 36.000000 33.000000 26.000000
1.109000 17.291000 0.997000 33.000000 30.000000 23.000000
1.004000 17.276000 0.923000 113.000000 111.000000 98.000000
0.951000 17.284000 0.965000 36.000000 33.000000 26.000000
0.969000 17.283000 0.964000 36.000000 33.000000 24.000000
1.137000 17.286000 0.973000 34.000000 31.000000 24.000000
0.959000 17.288000 0.990000 35.000000 32.000000 25.000000
1.024000 17.292000 1.006000 34.000000 31.000000 24.000000
0.768000 17.277000 0.936000 40.000000 35.000000 29.000000
0.931000 17.276000 0.929000 41.000000 39.000000 27.000000
0.998000 17.292000 1.005000 33.000000 30.000000 23.000000
1.169000 17.291000 0.995000 34.000000 31.000000 24.000000
1.106000 17.296000 1.027000 32.000000 29.000000 22.000000
0.930000 17.289000 0.994000 33.000000 30.000000 23.000000
0.866000 17.285000 0.975000 35.000000 32.000000 27.000000
1.114000 17.276000 0.923000 82.000000 80.000000 68.000000
0.714000 17.278000 0.943000 37.000000 33.000000 30.000000
1.170000 17.288000 0.982000 35.000000 32.000000 25.000000
0.772000 17.276000 0.932000 44.000000 40.000000 29.000000
1.000000 17.279000 0.939000 37.000000 34.000000 25.000000
0.813000 17.276000 0.931000 44.000000 42.000000 29.000000
0.785000 17.276000 0.929000 47.000000 43.000000 31.000000
0.650000 17.274000 0.924000 139.000000 138.000000 120.000000
0.759000 17.279000 0.950000 38.000000 35.000000 30.000000
1.121000 17.285000 0.968000 33.000000 30.000000 21.000000
0.885000 17.280000 0.947000 36.000000 33.000000 28.000000
0.918000 17.280000 0.948000 37.000000 34.000000 29.000000
0.839000 17.275000 0.923000 137.000000 136.000000 118.000000
1.067000 17.288000 0.984000 33.000000 30.000000 21.000000
1.098000 17.287000 0.976000 34.000000 31.000000 24.000000
1.159000 17.275000 0.917000 140.000000 134.000000 110.000000
0.930000 17.281000 0.952000 37.000000 34.000000 25.000000
1.129000 17.283000 0.955000 35.000000 32.000000 25.000000
0.961000 17.290000 1.000000 34.000000 31.000000 24.000000
1.157000 17.278000 0.932000 36.000000 34.000000 22.000000
1.077000 17.287000 0.980000 34.000000 31.000000 22.000000
1.016000 17.277000 0.927000 35.000000 33.000000 20.000000
1.008000 17.280000 0.944000 34.000000 31.000000 24.000000
0.949000 17.281000 0.951000 37.000000 35.000000 23.000000
0.852000 17.275000 0.923000 138.000000 137.000000 119.000000
1.036000 17.290000 0.994000 33.000000 30.000000 21.000000
0.927000 17.288000 0.991000 33.000000 30.000000 23.000000
1.060000 17.275000 0.919000 147.000000 143.000000 116.000000
1.072000 17.294000 1.016000 32.000000 29.000000 20.000000
0.924000 17.277000 0.935000 35.000000 32.000000 27.000000
1.150000 17.299000 1.037000 32.000000 29.000000 22.000000
1.102000 17.283000 0.956000 34.000000 31.000000 24.000000
1.115000 17.290000 0.992000 33.000000 30.000000 23.000000
0.945000 17.276000 0.926000 37.000000 35.000000 20.000000
0.929000 17.280000 0.950000 37.000000 34.000000 27.000000
0.750000 17.279000 0.950000 38.000000 35.000000 30.000000
0.964000 17.286000 0.978000 35.000000 32.000000 25.000000
0.863000 17.281000 0.953000 37.000000 34.000000 27.000000
1.030000 17.283000 0.962000 35.000000 32.000000 23.000000
0.863000 17.278000 0.939000 33.000000 30.000000 25.000000
1.118000 17.278000 0.930000 34.000000 32.000000 20.000000
0.806000 17.281000 0.956000 36.000000 33.000000 24.000000
0.927000 17.275000 0.924000 130.000000 128.000000 113.000000
0.791000 17.281000 0.958000 38.000000 35.000000 26.000000
0.938000 17.274000 0.916000 141.000000 131.000000 106.000000
1.024000 17.294000 1.015000 34.000000 31.000000 24.000000
1.167000 17.280000 0.939000 38.000000 35.000000 26.000000
0.972000 17.274000 0.914000 145.000000 135.000000 108.000000
1.112000 17.287000 0.979000 33.000000 30.000000 23.000000
1.092000 17.295000 1.022000 32.000000 29.000000 22.000000
1.198000 17.274000 0.910000 151.000000 146.000000 127.000000
0.852000 17.277000 0.933000 38.000000 35.000000 26.000000
0.890000 17.281000 0.952000 36.000000 33.000000 26.000000
1.094000 17.297000 1.028000 32.000000 29.000000 22.000000
1.007000 17.292000 1.009000 34.000000 31.000000 24.000000
1.132000 17.281000 0.945000 35.000000 32.000000 25.000000
0.849000 17.284000 0.969000 35.000000 32.000000 27.000000
1.058000 17.284000 0.963000 34.000000 31.000000 22.000000
1.008000 17.282000 0.957000 36.000000 33.000000 24.000000
0.704000 17.275000 0.930000 53.000000 51.000000 36.000000
1.014000 17.283000 0.963000 35.000000 32.000000 23.000000
0.904000 17.284000 0.967000 35.000000 32.000000 27.000000
0.859000 17.274000 0.921000 142.000000 135.000000 109.000000
0.885000 17.284000 0.972000 36.000000 33.000000 28.000000
1.179000 17.283000 0.957000 37.000000 33.000000 24.000000
0.992000 17.277000 0.931000 38.000000 36.000000 24.000000
1.053000 17.295000 1.022000 33.000000 30.000000 21.000000
0.903000 17.280000 0.948000 37.000000 34.000000 29.000000
0.943000 17.284000 0.970000 36.000000 33.000000 26.000000
0.873000 17.276000 0.929000 46.000000 44.000000 31.000000
0.910000 17.274000 0.917000 142.000000 134.000000 111.000000
0.883000 17.276000 0.926000 49.000000 47.000000 32.000000
0.968000 17.280000 0.949000 36.000000 33.000000 24.000000
0.920000 17.287000 0.983000 35.000000 32.000000 25.000000
1.152000 17.296000 1.026000 34.000000 31.000000 24.000000
1.133000 17.290000 0.995000 34.000000 31.000000 24.000000
0.910000 17.287000 0.982000 36.000000 33.000000 26.000000
1.172000 17.276000 0.920000 139.000000 134.000000 112.000000
1.128000 17.274000 0.913000 141.000000 130.000000 108.000000
0.991000 17.276000 0.927000 39.000000 37.000000 24.000000
0.881000 17.280000 0.948000 36.000000 33.000000 28.000000
0.930000 17.282000 0.959000 37.000000 34.000000 25.000000
0.735000 17.277000 0.937000 38.000000 35.000000 28.000000
0.992000 17.287000 0.980000 34.000000 31.000000 24.000000
0.918000 17.275000 0.921000 150.000000 140.000000 115.000000
0.989000 17.274000 0.914000 140.000000 133.000000 105.000000
1.059000 17.290000 0.993000 33.000000 30.000000 21.000000
1.176000 17.286000 0.972000 36.000000 32.000000 21.000000
0.870000 17.278000 0.939000 35.000000 32.000000 27.000000
0.967000 17.285000 0.973000 35.000000 32.000000 25.000000
0.914000 17.280000 0.948000 37.000000 34.000000 29.000000
1.033000 17.283000 0.959000 35.000000 33.000000 21.000000
0.888000 17.286000 0.982000 34.000000 31.000000 26.000000
1.136000 17.281000 0.945000 34.000000 31.000000 24.000000
1.033000 17.274000 0.915000 138.000000 132.000000 106.000000
1.159000 17.288000 0.981000 34.000000 31.000000 24.000000
1.009000 17.281000 0.948000 36.000000 33.000000 26.000000
0.948000 17.289000 0.991000 33.000000 30.000000 23.000000
0.878000 17.281000 0.955000 36.000000 33.000000 26.000000
0.983000 17.276000 0.927000 32.000000 30.000000 17.000000
1.163000 17.294000 1.011000 33.000000 30.000000 23.000000
0.922000 17.283000 0.963000 36.000000 33.000000 24.000000
0.751000 17.275000 0.928000 90.000000 87.000000 68.000000
0.975000 17.288000 0.987000 34.000000 31.000000 24.000000
0.984000 17.284000 0.968000 35.000000 32.000000 23.000000
0.938000 17.285000 0.971000 35.000000 32.000000 25.000000
0.894000 17.280000 0.947000 36.000000 33.000000 28.000000
0.919000 17.286000 0.977000 35.000000 32.000000 25.000000
1.000000 17.287000 0.981000 34.000000 31.000000 24.000000
1.152000 17.275000 0.915000 137.000000 130.000000 104.000000
1.182000 17.277000 0.923000 60.000000 60.000000 50.000000
1.026000 17.277000 0.931000 37.000000 35.000000 23.000000
0.865000 17.278000 0.938000 33.000000 30.000000 25.000000
1.120000 17.279000 0.937000 36.000000 33.000000 24.000000
0.693000 17.276000 0.935000 40.000000 37.000000 32.000000
1.045000 17.291000 1.002000 34.000000 31.000000 22.000000
0.946000 17.274000 0.915000 145.000000 135.000000 110.000000
1.083000 17.288000 0.987000 34.000000 31.000000 24.000000
1.175000 17.273000 0.904000 140.000000 134.000000 110.000000
0.959000 17.279000 0.940000 36.000000 33.000000 26.000000
1.130000 17.278000 0.933000 33.000000 31.000000 19.000000
1.077000 17.284000 0.963000 34.000000 31.000000 22.000000
0.859000 17.277000 0.933000 37.000000 34.000000 25.000000
1.168000 17.277000 0.927000 39.000000 37.000000 25.000000
1.175000 17.295000 1.018000 32.000000 28.000000 17.000000
1.068000 17.286000 0.973000 34.000000 31.000000 22.000000
0.962000 17.282000 0.959000 36.000000 34.000000 22.000000
1.142000 17.291000 1.000000 33.000000 30.000000 23.000000
0.849000 17.278000 0.939000 35.000000 32.000000 27.000000
1.109000 17.282000 0.955000 35.000000 32.000000 25.000000
1.156000 17.277000 0.928000 38.000000 36.000000 24.000000
1.123000 17.274000 0.909000 141.000000 130.000000 108.000000
0.956000 17.287000 0.984000 35.000000 32.000000 25.000000
0.892000 17.277000 0.933000 42.000000 40.000000 28.000000
0.742000 17.275000 0.928000 102.000000 101.000000 83.000000
1.073000 17.278000 0.934000 32.000000 29.000000 24.000000
1.093000 17.282000 0.955000 34.000000 31.000000 24.000000
0.779000 17.278000 0.943000 39.000000 36.000000 31.000000
0.913000 17.274000 0.917000 139.000000 131.000000 108.000000
0.645000 17.274000 0.926000 123.000000 117.000000 101.000000
0.935000 17.289000 0.992000 34.000000 31.000000 24.000000
0.750000 17.274000 0.922000 146.000000 139.000000 113.000000
1.174000 17.299000 1.038000 32.000000 29.000000 24.000000
0.986000 17.288000 0.989000 34.000000 31.000000 24.000000
1.148000 17.276000 0.919000 136.000000 128.000000 105.000000
0.961000 17.284000 0.968000 36.000000 33.000000 26.000000
1.142000 17.284000 0.964000 34.000000 31.000000 22.000000
1.207000 17.283000 0.994000 10.000000 10.000000 10.000000
1.226000 17.276000 0.987000 17.000000 17.000000 19.000000
1.193000 17.295000 1.040000 39.000000 39.000000 31.000000
1.211000 17.276000 0.952000 15.000000 16.000000 18.000000
1.220000 17.284000 1.029000 17.000000 19.000000 16.000000
1.207000 17.283000 0.996000 10.000000 10.000000 10.000000
1.221000 17.285000 1.045000 18.000000 20.000000 17.000000
1.189000 17.295000 1.036000 35.000000 32.000000 23.000000
1.192000 17.291000 1.011000 36.000000 33.000000 28.000000
1.183000 17.298000 1.043000 34.000000 31.000000 24.000000
1.240000 17.276000 1.024000 13.000000 13.000000 11.000000
1.237000 17.282000 1.059000 16.000000 17.000000 12.000000
1.234000 17.282000 1.052000 24.000000 24.000000 22.000000
1.193000 17.286000 0.979000 21.000000 20.000000 16.000000
1.247000 17.277000 1.045000 12.000000 11.000000 9.000000
1.253000 17.280000 1.078000 26.000000 25.000000 23.000000
1.204000 17.287000 1.012000 13.000000 13.000000 13.000000
1.201000 17.280000 0.960000 12.000000 13.000000 15.000000
1.238000 17.279000 1.042000 13.000000 13.000000 11.000000
1.201000 17.293000 1.047000 18.000000 17.000000 15.000000
1.236000 17.281000 1.047000 13.000000 14.000000 9.000000
1.262000 17.278000 1.087000 34.000000 31.000000 16.000000
1.186000 17.296000 1.034000 33.000000 30.000000 21.000000
1.204000 17.276000 0.935000 76.000000 78.000000 75.000000
1.203000 17.291000 1.037000 15.000000 15.000000 15.000000
1.229000 17.280000 1.025000 19.000000 19.000000 17.000000
1.202000 17.293000 1.048000 16.000000 16.000000 16.000000
1.224000 17.274000 0.972000 18.000000 17.000000 22.000000
1.254000 17.277000 1.060000 28.000000 27.000000 23.000000
1.220000 17.280000 1.003000 21.000000 23.000000 22.000000
1.232000 17.275000 0.997000 19.000000 19.000000 17.000000
1.179000 17.299000 1.040000 31.000000 28.000000 21.000000
1.194000 17.287000 0.989000 18.000000 17.000000 13.000000
1.253000 17.278000 1.065000 26.000000 25.000000 21.000000
1.198000 17.283000 0.971000 25.000000 24.000000 22.000000
1.222000 17.277000 0.985000 13.000000 15.000000 14.000000
1.191000 17.293000 1.028000 31.000000 31.000000 21.000000
1.230000 17.274000 0.983000 24.000000 24.000000 24.000000
1.190000 17.295000 1.035000 29.000000 29.000000 19.000000
1.196000 17.287000 0.994000 27.000000 26.000000 24.000000
1.202000 17.284000 0.988000 19.000000 19.000000 19.000000
1.206000 17.287000 1.016000 8.000000 8.000000 8.000000
1.259000 17.277000 1.076000 29.000000 27.000000 15.000000
1.181000 17.299000 1.042000 32.000000 29.000000 22.000000
1.193000 17.295000 1.045000 30.000000 30.000000 22.000000
1.186000 17.290000 0.996000 35.000000 32.000000 27.000000
1.205000 17.285000 1.005000 14.000000 14.000000 14.000000
1.211000 17.289000 1.045000 149.000000 149.000000 151.000000
1.184000 17.296000 1.032000 33.000000 30.000000 21.000000
1.199000 17.289000 1.013000 19.000000 18.000000 16.000000
1.195000 17.296000 1.056000 33.000000 33.000000 25.000000
1.252000 17.279000 1.073000 17.000000 17.000000 17.000000
1.203000 17.291000 1.039000 13.000000 13.000000 13.000000
1.200000 17.285000 0.989000 15.000000 14.000000 12.000000
1.218000 17.285000 1.033000 14.000000 16.000000 15.000000
1.202000 17.277000 0.940000 21.000000 23.000000 22.000000
1.236000 17.276000 1.012000 13.000000 13.000000 11.000000
1.181000 17.297000 1.031000 33.000000 30.000000 23.000000
1.227000 17.284000 1.047000 21.000000 23.000000 22.000000
1.246000 17.283000 1.083000 14.000000 14.000000 16.000000
1.202000 17.280000 0.963000 17.000000 18.000000 20.000000
1.203000 17.273000 0.910000 166.000000 166.000000 156.000000
1.254000 17.277000 1.063000 28.000000 27.000000 23.000000
1.236000 17.282000 1.053000 14.000000 15.000000 10.000000
1.215000 17.273000 0.941000 22.000000 22.000000 24.000000
1.192000 17.288000 0.991000 41.000000 38.000000 33.000000
1.225000 17.283000 1.034000 23.000000 25.000000 24.000000
1.182000 17.300000 1.051000 33.000000 30.000000 23.000000
1.248000 17.281000 1.076000 16.000000 16.000000 16.000000
1.224000 17.274000 0.968000 20.000000 19.000000 15.000000
1.220000 17.275000 0.967000 22.000000 24.000000 21.000000
1.227000 17.284000 1.050000 22.000000 24.000000 23.000000
1.231000 17.277000 1.008000 22.000000 22.000000 20.000000
1.258000 17.277000 1.071000 26.000000 26.000000 16.000000
1.193000 17.296000 1.050000 30.000000 30.000000 22.000000
