0.733000 18.970000 1.002000 36.000000 33.000000 26.000000
0.883000 18.976000 1.065000 38.000000 35.000000 28.000000
0.753000 18.972000 1.053000 39.000000 36.000000 29.000000
0.637000 18.967000 1.003000 43.000000 40.000000 33.000000
0.708000 18.972000 1.080000 47.000000 44.000000 37.000000
0.600000 18.968000 1.073000 72.000000 70.000000 58.000000
0.947000 18.978000 1.071000 35.000000 32.000000 27.000000
0.812000 18.975000 1.084000 41.000000 36.000000 33.000000
0.668000 18.967000 0.974000 37.000000 34.000000 27.000000
0.834000 18.973000 1.014000 35.000000 32.000000 25.000000
0.954000 18.978000 1.049000 35.000000 32.000000 25.000000
0.577000 18.967000 1.065000 36.000000 36.000000 28.000000
0.893000 18.976000 1.055000 36.000000 33.000000 26.000000
0.936000 18.978000 1.066000 35.000000 32.000000 27.000000
0.698000 18.968000 0.981000 38.000000 35.000000 28.000000
0.607000 18.967000 1.011000 34.000000 31.000000 26.000000
0.691000 18.970000 1.042000 39.000000 36.000000 29.000000
0.847000 18.975000 1.068000 38.000000 35.000000 28.000000
0.666000 18.970000 1.068000 46.000000 43.000000 34.000000
0.998000 18.979000 1.069000 34.000000 31.000000 26.000000
0.613000 18.966000 0.994000 33.000000 30.000000 25.000000
0.643000 18.967000 0.991000 40.000000 37.000000 30.000000
0.659000 18.967000 0.983000 40.000000 37.000000 30.000000
0.582000 18.964000 0.948000 34.000000 35.000000 30.000000
0.904000 18.977000 1.068000 38.000000 35.000000 26.000000
0.636000 18.967000 1.000000 41.000000 38.000000 31.000000
0.682000 18.970000 1.069000 46.000000 43.000000 36.000000
0.755000 18.973000 1.087000 36.000000 36.000000 28.000000
0.651000 18.969000 1.060000 46.000000 43.000000 34.000000
0.619000 18.968000 1.050000 41.000000 38.000000 33.000000
0.665000 18.968000 0.986000 40.000000 37.000000 30.000000
0.619000 18.968000 1.042000 31.000000 28.000000 23.000000
0.835000 18.974000 1.027000 36.000000 33.000000 24.000000
0.941000 18.978000 1.061000 34.000000 31.000000 26.000000
0.868000 18.976000 1.089000 37.000000 33.000000 32.000000
0.611000 18.967000 1.015000 32.000000 29.000000 24.000000
0.815000 18.974000 1.056000 37.000000 34.000000 27.000000
0.768000 18.973000 1.068000 41.000000 38.000000 31.000000
0.637000 18.969000 1.044000 30.000000 26.000000 23.000000
1.043000 18.981000 1.078000 32.000000 28.000000 25.000000
0.612000 18.967000 1.001000 33.000000 30.000000 25.000000
0.848000 18.975000 1.080000 38.000000 35.000000 26.000000
0.854000 18.976000 1.080000 39.000000 36.000000 29.000000
0.668000 18.971000 1.094000 28.000000 25.000000 16.000000
0.692000 18.968000 0.981000 37.000000 34.000000 27.000000
0.861000 18.976000 1.092000 25.000000 22.000000 17.000000
0.651000 18.968000 1.020000 42.000000 39.000000 32.000000
0.782000 18.973000 1.074000 42.000000 39.000000 32.000000
0.666000 18.968000 0.996000 40.000000 37.000000 30.000000
0.713000 18.971000 1.041000 39.000000 36.000000 29.000000
0.662000 18.969000 1.034000 43.000000 40.000000 31.000000
0.827000 18.974000 1.052000 36.000000 33.000000 26.000000
0.570000 18.967000 1.045000 30.000000 26.000000 23.000000
0.619000 18.969000 1.069000 46.000000 42.000000 39.000000
0.640000 18.968000 1.017000 39.000000 36.000000 31.000000
0.690000 18.971000 1.083000 47.000000 47.000000 39.000000
0.927000 18.977000 1.065000 36.000000 33.000000 28.000000
0.795000 18.974000 1.066000 40.000000 37.000000 30.000000
0.622000 18.967000 1.017000 29.000000 26.000000 21.000000
0.894000 18.976000 1.070000 38.000000 35.000000 28.000000
0.864000 18.975000 1.035000 35.000000 32.000000 25.000000
0.664000 18.968000 1.001000 40.000000 37.000000 30.000000
0.630000 18.967000 1.000000 42.000000 39.000000 32.000000
0.600000 18.966000 1.008000 41.000000 38.000000 33.000000
0.794000 18.973000 1.050000 37.000000 34.000000 27.000000
0.851000 18.975000 1.066000 38.000000 35.000000 28.000000
0.820000 18.974000 1.068000 40.000000 37.000000 30.000000
0.880000 18.976000 1.077000 40.000000 35.000000 29.000000
0.735000 18.970000 0.984000 36.000000 33.000000 24.000000
0.565000 18.967000 1.067000 35.000000 32.000000 23.000000
0.604000 18.965000 0.945000 35.000000 34.000000 29.000000
0.903000 18.977000 1.069000 38.000000 35.000000 28.000000
0.774000 18.973000 1.072000 41.000000 38.000000 31.000000
0.609000 18.966000 0.997000 32.000000 29.000000 24.000000
0.820000 18.975000 1.082000 40.000000 35.000000 32.000000
0.663000 18.969000 1.052000 44.000000 41.000000 32.000000
0.571000 18.964000 0.941000 33.000000 34.000000 26.000000
0.784000 18.973000 1.055000 38.000000 35.000000 28.000000
0.876000 18.976000 1.059000 36.000000 33.000000 24.000000
0.758000 18.971000 1.028000 37.000000 34.000000 27.000000
0.664000 18.968000 1.002000 40.000000 37.000000 30.000000
0.842000 18.973000 1.014000 35.000000 32.000000 25.000000
0.670000 18.969000 1.032000 41.000000 39.000000 27.000000
0.849000 18.974000 1.043000 35.000000 32.000000 25.000000
0.596000 18.968000 1.080000 76.000000 74.000000 62.000000
0.661000 18.970000 1.071000 49.000000 46.000000 39.000000
0.712000 18.970000 1.010000 37.000000 34.000000 27.000000
0.740000 18.971000 1.022000 36.000000 33.000000 26.000000
0.571000 18.968000 1.094000 50.000000 51.000000 37.000000
0.662000 18.968000 0.997000 40.000000 37.000000 30.000000
0.846000 18.975000 1.070000 39.000000 36.000000 29.000000
0.574000 18.965000 0.982000 42.000000 42.000000 34.000000
0.744000 18.972000 1.070000 43.000000 40.000000 33.000000
0.752000 18.972000 1.062000 44.000000 41.000000 34.000000
0.566000 18.967000 1.065000 40.000000 37.000000 30.000000
0.739000 18.972000 1.066000 42.000000 39.000000 32.000000
0.765000 18.972000 1.031000 37.000000 34.000000 27.000000
0.625000 18.968000 1.036000 30.000000 27.000000 20.000000
0.660000 18.970000 1.057000 46.000000 43.000000 34.000000
0.769000 18.971000 0.988000 36.000000 33.000000 26.000000
1.015000 18.980000 1.093000 23.000000 22.000000 20.000000
0.622000 18.966000 0.983000 38.000000 37.000000 32.000000
0.626000 18.966000 0.983000 38.000000 37.000000 32.000000
0.579000 18.965000 0.980000 45.000000 44.000000 39.000000
0.709000 18.971000 1.060000 42.000000 39.000000 32.000000
0.938000 18.978000 1.094000 19.000000 21.000000 10.000000
0.695000 18.969000 0.998000 38.000000 35.000000 28.000000
0.577000 18.965000 0.966000 35.000000 35.000000 27.000000
0.608000 18.966000 0.990000 34.000000 31.000000 26.000000
0.665000 18.967000 0.956000 38.000000 35.000000 28.000000
0.613000 18.968000 1.043000 31.000000 28.000000 23.000000
0.773000 18.973000 1.062000 41.000000 38.000000 31.000000
0.908000 18.977000 1.077000 39.000000 34.000000 28.000000
0.708000 18.968000 0.966000 37.000000 34.000000 27.000000
0.623000 18.966000 0.962000 40.000000 36.000000 27.000000
0.831000 18.974000 1.029000 36.000000 33.000000 24.000000
0.761000 18.972000 1.060000 39.000000 36.000000 29.000000
0.771000 18.972000 1.034000 37.000000 34.000000 27.000000
0.580000 18.967000 1.045000 29.000000 30.000000 24.000000
0.880000 18.976000 1.058000 36.000000 33.000000 24.000000
1.000000 18.980000 1.088000 35.000000 32.000000 25.000000
0.851000 18.975000 1.059000 36.000000 33.000000 26.000000
0.645000 18.968000 1.024000 34.000000 31.000000 26.000000
0.702000 18.969000 0.993000 38.000000 35.000000 28.000000
0.740000 18.971000 1.017000 36.000000 33.000000 26.000000
0.708000 18.970000 1.014000 38.000000 35.000000 28.000000
0.563000 18.965000 0.983000 38.000000 35.000000 20.000000
0.716000 18.971000 1.063000 44.000000 41.000000 34.000000
0.729000 18.972000 1.066000 43.000000 40.000000 33.000000
0.584000 18.965000 0.971000 34.000000 31.000000 26.000000
0.753000 18.971000 1.023000 37.000000 34.000000 27.000000
0.579000 18.965000 0.969000 35.000000 34.000000 29.000000
0.585000 18.965000 0.966000 30.000000 27.000000 20.000000
0.637000 18.968000 1.028000 30.000000 27.000000 22.000000
0.596000 18.967000 1.031000 33.000000 30.000000 25.000000
0.972000 18.979000 1.066000 34.000000 31.000000 26.000000
1.026000 18.981000 1.093000 17.000000 17.000000 5.000000
0.915000 18.977000 1.083000 36.000000 35.000000 30.000000
0.596000 18.968000 1.081000 76.000000 74.000000 62.000000
0.579000 18.966000 1.021000 37.000000 38.000000 30.000000
0.563000 18.963000 0.937000 39.000000 37.000000 24.000000
0.915000 18.977000 1.059000 35.000000 32.000000 27.000000
0.885000 18.975000 1.028000 36.000000 33.000000 26.000000
0.675000 18.971000 1.091000 49.000000 46.000000 39.000000
0.773000 18.971000 1.011000 36.000000 33.000000 26.000000
0.946000 18.977000 1.056000 32.000000 29.000000 22.000000
0.664000 18.968000 0.982000 40.000000 37.000000 30.000000
0.568000 18.967000 1.048000 34.000000 30.000000 27.000000
0.740000 18.973000 1.085000 40.000000 40.000000 32.000000
0.616000 18.969000 1.088000 55.000000 51.000000 48.000000
0.590000 18.965000 0.976000 26.000000 25.000000 20.000000
0.810000 18.974000 1.057000 37.000000 34.000000 27.000000
0.883000 18.976000 1.064000 37.000000 34.000000 27.000000
0.780000 18.971000 0.992000 36.000000 33.000000 26.000000
0.600000 18.966000 0.980000 41.000000 40.000000 35.000000
0.713000 18.971000 1.055000 51.000000 48.000000 41.000000
0.918000 18.976000 1.042000 34.000000 31.000000 24.000000
0.816000 18.974000 1.044000 38.000000 35.000000 28.000000
0.587000 18.965000 0.961000 35.000000 32.000000 27.000000
0.647000 18.970000 1.076000 50.000000 47.000000 38.000000
0.716000 18.971000 1.040000 38.000000 35.000000 28.000000
0.861000 18.975000 1.063000 37.000000 34.000000 27.000000
0.840000 18.975000 1.075000 40.000000 37.000000 30.000000
0.809000 18.973000 1.035000 37.000000 34.000000 27.000000
0.683000 18.968000 0.977000 38.000000 35.000000 28.000000
0.828000 18.975000 1.083000 38.000000 38.000000 28.000000
0.844000 18.973000 1.013000 35.000000 32.000000 25.000000
0.638000 18.969000 1.057000 47.000000 44.000000 37.000000
0.570000 18.966000 1.004000 50.000000 50.000000 40.000000
0.568000 18.963000 0.930000 118.000000 113.000000 93.000000
0.745000 18.971000 1.017000 36.000000 33.000000 26.000000
0.921000 18.978000 1.082000 35.000000 31.000000 28.000000
0.682000 18.971000 1.073000 47.000000 44.000000 37.000000
0.740000 18.973000 1.093000 22.000000 19.000000 12.000000
0.843000 18.974000 1.025000 35.000000 32.000000 23.000000
0.659000 18.970000 1.073000 48.000000 45.000000 38.000000
0.684000 18.970000 1.051000 40.000000 37.000000 30.000000
0.839000 18.975000 1.064000 38.000000 35.000000 28.000000
0.640000 18.967000 0.976000 41.000000 38.000000 31.000000
0.834000 18.974000 1.035000 36.000000 33.000000 26.000000
0.589000 18.968000 1.073000 39.000000 36.000000 27.000000
0.922000 18.977000 1.049000 33.000000 30.000000 23.000000
0.607000 18.968000 1.053000 46.000000 43.000000 36.000000
0.588000 18.964000 0.930000 57.000000 54.000000 37.000000
0.830000 18.973000 1.023000 36.000000 33.000000 24.000000
0.646000 18.969000 1.039000 31.000000 27.000000 24.000000
0.568000 18.967000 1.071000 33.000000 32.000000 27.000000
0.564000 18.967000 1.063000 38.000000 35.000000 26.000000
0.885000 18.975000 1.030000 35.000000 32.000000 25.000000
0.774000 18.972000 1.042000 38.000000 35.000000 28.000000
0.730000 18.972000 1.077000 42.000000 39.000000 32.000000
0.835000 18.974000 1.031000 36.000000 33.000000 26.000000
0.635000 18.966000 0.967000 40.000000 37.000000 30.000000
0.598000 18.968000 1.068000 92.000000 90.000000 78.000000
1.022000 18.980000 1.084000 32.000000 28.000000 25.000000
0.570000 18.966000 1.020000 34.000000 34.000000 24.000000
0.762000 18.971000 1.023000 37.000000 34.000000 27.000000
0.824000 18.974000 1.042000 37.000000 34.000000 27.000000
0.723000 18.969000 0.992000 37.000000 34.000000 27.000000
0.951000 18.978000 1.051000 32.000000 29.000000 22.000000
0.805000 18.973000 1.048000 38.000000 35.000000 28.000000
1.049000 18.981000 1.081000 34.000000 30.000000 29.000000
0.990000 18.979000 1.062000 32.000000 29.000000 24.000000
0.706000 18.969000 0.994000 38.000000 35.000000 28.000000
0.648000 18.969000 1.060000 46.000000 43.000000 34.000000
0.751000 18.971000 1.018000 36.000000 33.000000 26.000000
0.622000 18.968000 1.023000 29.000000 26.000000 21.000000
0.572000 18.968000 1.092000 50.000000 51.000000 37.000000
0.881000 18.975000 1.032000 36.000000 33.000000 28.000000
0.582000 18.967000 1.057000 32.000000 33.000000 27.000000
0.769000 18.972000 1.050000 37.000000 34.000000 27.000000
0.612000 18.966000 0.966000 40.000000 36.000000 27.000000
0.594000 18.965000 0.964000 42.000000 39.000000 32.000000
0.561000 18.965000 0.999000 43.000000 37.000000 25.000000
0.602000 18.967000 1.026000 40.000000 37.000000 32.000000
0.666000 18.968000 1.000000 40.000000 37.000000 30.000000
0.574000 18.964000 0.933000 54.000000 54.000000 42.000000
0.577000 18.967000 1.054000 34.000000 35.000000 29.000000
0.657000 18.969000 1.026000 42.000000 39.000000 30.000000
0.970000 18.979000 1.085000 36.000000 32.000000 21.000000
0.594000 18.964000 0.937000 34.000000 34.000000 26.000000
0.640000 18.968000 1.014000 43.000000 40.000000 33.000000
1.029000 18.980000 1.080000 34.000000 31.000000 26.000000
0.738000 18.972000 1.062000 38.000000 35.000000 28.000000
0.641000 18.966000 0.946000 39.000000 36.000000 29.000000
0.655000 18.967000 0.986000 40.000000 37.000000 30.000000
0.693000 18.969000 0.995000 37.000000 34.000000 27.000000
0.803000 18.972000 0.999000 36.000000 33.000000 26.000000
0.621000 18.967000 1.020000 29.000000 26.000000 21.000000
0.712000 18.969000 0.972000 36.000000 33.000000 26.000000
0.726000 18.969000 0.986000 36.000000 33.000000 26.000000
0.687000 18.970000 1.043000 40.000000 37.000000 30.000000
0.600000 18.967000 1.035000 44.000000 41.000000 36.000000
0.559000 18.967000 1.064000 125.000000 122.000000 105.000000
0.697000 18.970000 1.024000 39.000000 36.000000 29.000000
0.668000 18.967000 0.962000 38.000000 35.000000 28.000000
0.603000 18.966000 0.976000 41.000000 38.000000 33.000000
0.823000 18.975000 1.078000 40.000000 37.000000 30.000000
0.738000 18.972000 1.058000 46.000000 43.000000 36.000000
0.677000 18.969000 1.026000 41.000000 39.000000 27.000000
0.600000 18.965000 0.971000 41.000000 38.000000 31.000000
0.707000 18.970000 1.021000 38.000000 35.000000 28.000000
0.904000 18.976000 1.044000 35.000000 32.000000 25.000000
0.901000 18.977000 1.071000 38.000000 35.000000 28.000000
0.769000 18.973000 1.068000 41.000000 38.000000 31.000000
1.048000 18.981000 1.082000 33.000000 29.000000 28.000000
0.941000 18.978000 1.081000 37.000000 34.000000 29.000000
0.856000 18.974000 1.017000 35.000000 32.000000 23.000000
0.860000 18.975000 1.044000 36.000000 33.000000 26.000000
0.764000 18.973000 1.065000 41.000000 38.000000 31.000000
1.045000 18.981000 1.087000 30.000000 29.000000 27.000000
0.783000 18.974000 1.078000 43.000000 40.000000 33.000000
0.588000 18.966000 0.999000 25.000000 22.000000 17.000000
0.853000 18.974000 1.020000 35.000000 32.000000 23.000000
0.615000 18.965000 0.945000 36.000000 35.000000 30.000000
0.925000 18.977000 1.068000 36.000000 33.000000 28.000000
1.033000 18.981000 1.083000 35.000000 31.000000 30.000000
0.584000 18.966000 0.993000 36.000000 33.000000 28.000000
0.701000 18.970000 1.048000 40.000000 37.000000 30.000000
0.983000 18.979000 1.074000 34.000000 29.000000 25.000000
0.603000 18.967000 1.040000 52.000000 50.000000 38.000000
0.575000 18.965000 0.991000 34.000000 34.000000 26.000000
0.722000 18.972000 1.071000 43.000000 40.000000 33.000000
0.674000 18.967000 0.960000 39.000000 36.000000 29.000000
0.621000 18.965000 0.938000 33.000000 33.000000 25.000000
0.924000 18.977000 1.068000 36.000000 33.000000 28.000000
0.633000 18.967000 0.983000 40.000000 37.000000 30.000000
0.848000 18.974000 1.025000 35.000000 32.000000 23.000000
0.576000 18.967000 1.053000 27.000000 26.000000 22.000000
0.653000 18.968000 1.017000 41.000000 38.000000 31.000000
0.869000 18.976000 1.086000 40.000000 35.000000 32.000000
0.674000 18.970000 1.072000 49.000000 46.000000 39.000000
0.631000 18.968000 1.021000 30.000000 27.000000 22.000000
0.701000 18.971000 1.064000 42.000000 39.000000 32.000000
0.728000 18.971000 1.040000 40.000000 37.000000 30.000000
0.913000 18.977000 1.072000 37.000000 34.000000 25.000000
0.779000 18.973000 1.073000 42.000000 39.000000 32.000000
0.697000 18.971000 1.074000 45.000000 42.000000 35.000000
0.596000 18.967000 1.027000 33.000000 30.000000 25.000000
0.627000 18.965000 0.942000 39.000000 38.000000 33.000000
0.844000 18.975000 1.077000 40.000000 37.000000 30.000000
0.661000 18.969000 1.046000 31.000000 28.000000 21.000000
0.756000 18.970000 0.985000 36.000000 33.000000 26.000000
0.871000 18.976000 1.074000 38.000000 35.000000 28.000000
0.766000 18.972000 1.047000 38.000000 35.000000 28.000000
0.967000 18.978000 1.058000 33.000000 30.000000 25.000000
0.750000 18.971000 1.029000 37.000000 34.000000 27.000000
0.564000 18.967000 1.063000 38.000000 35.000000 26.000000
0.810000 18.973000 1.033000 37.000000 34.000000 27.000000
0.714000 18.969000 1.002000 36.000000 33.000000 26.000000
0.707000 18.969000 0.986000 37.000000 34.000000 27.000000
0.790000 18.972000 1.014000 36.000000 33.000000 26.000000
0.720000 18.972000 1.088000 45.000000 42.000000 37.000000
0.609000 18.968000 1.056000 46.000000 43.000000 36.000000
0.629000 18.967000 1.000000 42.000000 39.000000 34.000000
0.608000 18.967000 1.016000 33.000000 30.000000 25.000000
0.711000 18.970000 1.027000 38.000000 35.000000 28.000000
0.797000 18.974000 1.072000 40.000000 37.000000 30.000000
0.803000 18.974000 1.084000 41.000000 36.000000 32.000000
0.821000 18.974000 1.041000 37.000000 34.000000 27.000000
0.642000 18.969000 1.050000 41.000000 38.000000 33.000000
0.926000 18.977000 1.046000 34.000000 31.000000 24.000000
0.578000 18.966000 1.020000 35.000000 36.000000 28.000000
0.686000 18.971000 1.075000 47.000000 44.000000 37.000000
0.568000 18.966000 1.009000 53.000000 51.000000 39.000000
1.058000 18.982000 1.088000 32.000000 31.000000 29.000000
0.569000 18.967000 1.070000 33.000000 30.000000 25.000000
0.559000 18.965000 0.990000 79.000000 74.000000 55.000000
0.580000 18.964000 0.949000 34.000000 35.000000 30.000000
0.871000 18.976000 1.090000 39.000000 35.000000 34.000000
0.888000 18.975000 1.033000 36.000000 33.000000 26.000000
0.749000 18.973000 1.081000 41.000000 41.000000 31.000000
0.701000 18.969000 1.008000 39.000000 36.000000 29.000000
0.575000 18.965000 0.983000 38.000000 38.000000 30.000000
0.665000 18.967000 0.967000 38.000000 35.000000 28.000000
0.798000 18.974000 1.066000 40.000000 37.000000 30.000000
0.724000 18.969000 0.984000 37.000000 34.000000 27.000000
0.619000 18.968000 1.034000 30.000000 27.000000 22.000000
0.810000 18.973000 1.015000 35.000000 32.000000 25.000000
0.911000 18.977000 1.086000 34.000000 33.000000 28.000000
0.653000 18.968000 1.025000 43.000000 40.000000 33.000000
0.596000 18.964000 0.935000 60.000000 58.000000 45.000000
0.600000 18.969000 1.085000 48.000000 48.000000 38.000000
0.904000 18.976000 1.048000 35.000000 32.000000 27.000000
0.891000 18.976000 1.053000 34.000000 31.000000 24.000000
0.768000 18.972000 1.033000 37.000000 34.000000 27.000000
0.711000 18.969000 1.004000 37.000000 34.000000 27.000000
0.712000 18.970000 1.027000 38.000000 35.000000 28.000000
0.659000 18.969000 1.027000 43.000000 40.000000 31.000000
1.013000 18.980000 1.083000 32.000000 32.000000 24.000000
0.718000 18.972000 1.072000 44.000000 41.000000 34.000000
0.716000 18.969000 0.997000 36.000000 33.000000 26.000000
0.869000 18.974000 1.020000 34.000000 31.000000 22.000000
0.683000 18.971000 1.070000 46.000000 43.000000 36.000000
0.755000 18.973000 1.082000 42.000000 42.000000 32.000000
0.592000 18.968000 1.073000 50.000000 48.000000 36.000000
0.761000 18.972000 1.030000 37.000000 34.000000 27.000000
0.614000 18.969000 1.087000 33.000000 29.000000 26.000000
0.681000 18.968000 0.992000 38.000000 35.000000 28.000000
0.746000 18.970000 1.000000 36.000000 33.000000 26.000000
0.774000 18.973000 1.072000 41.000000 38.000000 31.000000
1.009000 18.980000 1.067000 34.000000 31.000000 26.000000
0.857000 18.974000 1.029000 34.000000 31.000000 22.000000
0.795000 18.974000 1.090000 43.000000 42.000000 38.000000
0.658000 18.967000 0.953000 38.000000 35.000000 28.000000
0.654000 18.968000 0.999000 39.000000 36.000000 29.000000
0.759000 18.970000 0.987000 36.000000 33.000000 26.000000
0.915000 18.977000 1.075000 37.000000 34.000000 25.000000
0.800000 18.974000 1.060000 39.000000 36.000000 29.000000
0.914000 18.976000 1.036000 34.000000 31.000000 22.000000
0.766000 18.973000 1.082000 39.000000 39.000000 29.000000
0.771000 18.973000 1.074000 42.000000 39.000000 32.000000
0.657000 18.970000 1.084000 50.000000 46.000000 43.000000
0.573000 18.964000 0.930000 55.000000 53.000000 38.000000
0.622000 18.968000 1.044000 30.000000 27.000000 20.000000
0.764000 18.971000 1.003000 36.000000 33.000000 26.000000
0.686000 18.968000 0.982000 37.000000 34.000000 27.000000
0.957000 18.978000 1.063000 34.000000 31.000000 26.000000
0.816000 18.973000 1.018000 36.000000 33.000000 26.000000
1.028000 18.981000 1.082000 34.000000 30.000000 29.000000
0.560000 18.966000 1.047000 66.000000 60.000000 48.000000
0.929000 18.978000 1.085000 35.000000 34.000000 32.000000
0.578000 18.965000 0.964000 42.000000 41.000000 36.000000
0.837000 18.974000 1.029000 36.000000 33.000000 24.000000
0.626000 18.966000 0.974000 41.000000 38.000000 31.000000
1.091000 18.983000 1.094000 27.000000 26.000000 24.000000
0.604000 18.968000 1.075000 65.000000 62.000000 53.000000
0.805000 18.973000 1.019000 36.000000 33.000000 26.000000
0.813000 18.973000 1.037000 37.000000 34.000000 27.000000
0.923000 18.977000 1.067000 36.000000 33.000000 28.000000
0.825000 18.973000 1.013000 36.000000 33.000000 26.000000
0.593000 18.969000 1.094000 107.000000 108.000000 94.000000
1.015000 18.980000 1.089000 31.000000 30.000000 26.000000
0.913000 18.978000 1.091000 27.000000 28.000000 20.000000
0.569000 18.967000 1.064000 34.000000 31.000000 26.000000
0.789000 18.972000 1.019000 35.000000 32.000000 25.000000
0.747000 18.972000 1.066000 42.000000 39.000000 32.000000
0.610000 18.966000 0.967000 41.000000 36.000000 30.000000
0.734000 18.971000 1.026000 37.000000 34.000000 27.000000
0.938000 18.978000 1.093000 31.000000 32.000000 26.000000
0.620000 18.966000 0.980000 40.000000 37.000000 30.000000
1.045000 18.981000 1.088000 30.000000 29.000000 27.000000
0.809000 18.973000 1.017000 36.000000 33.000000 26.000000
0.677000 18.967000 0.963000 35.000000 32.000000 25.000000
0.801000 18.974000 1.067000 41.000000 38.000000 31.000000
0.786000 18.972000 1.028000 37.000000 34.000000 27.000000
0.632000 18.967000 0.990000 41.000000 38.000000 31.000000
0.682000 18.970000 1.051000 40.000000 37.000000 30.000000
0.586000 18.968000 1.063000 33.000000 30.000000 23.000000
0.635000 18.969000 1.048000 39.000000 36.000000 31.000000
0.576000 18.967000 1.046000 34.000000 35.000000 30.000000
0.880000 18.975000 1.028000 36.000000 33.000000 26.000000
0.975000 18.978000 1.057000 33.000000 30.000000 25.000000
0.622000 18.968000 1.033000 30.000000 27.000000 22.000000
0.607000 18.969000 1.089000 37.000000 37.000000 29.000000
0.580000 18.964000 0.955000 38.000000 37.000000 32.000000
0.821000 18.973000 1.010000 36.000000 33.000000 26.000000
0.746000 18.970000 0.981000 36.000000 33.000000 26.000000
0.920000 18.977000 1.056000 35.000000 32.000000 25.000000
0.872000 18.975000 1.044000 37.000000 34.000000 25.000000
0.714000 18.969000 0.971000 36.000000 33.000000 26.000000
0.560000 18.966000 1.023000 72.000000 66.000000 50.000000
0.595000 18.966000 0.992000 30.000000 27.000000 22.000000
0.671000 18.967000 0.970000 37.000000 34.000000 27.000000
1.015000 18.980000 1.087000 33.000000 33.000000 25.000000
0.921000 18.977000 1.061000 35.000000 32.000000 27.000000
0.586000 18.964000 0.937000 38.000000 38.000000 30.000000
0.949000 18.979000 1.088000 32.000000 32.000000 30.000000
0.560000 18.966000 1.024000 71.000000 65.000000 51.000000
0.851000 18.975000 1.048000 36.000000 33.000000 26.000000
0.730000 18.970000 1.006000 36.000000 33.000000 26.000000
1.015000 18.980000 1.073000 33.000000 31.000000 19.000000
0.737000 18.970000 1.004000 36.000000 33.000000 26.000000
0.882000 18.975000 1.027000 36.000000 33.000000 26.000000
0.938000 18.977000 1.046000 34.000000 31.000000 24.000000
0.581000 18.967000 1.036000 33.000000 34.000000 29.000000
0.629000 18.968000 1.046000 32.000000 29.000000 20.000000
0.833000 18.973000 1.018000 36.000000 33.000000 24.000000
0.621000 18.968000 1.053000 43.000000 40.000000 35.000000
0.729000 18.970000 1.022000 37.000000 34.000000 27.000000
0.650000 18.969000 1.031000 31.000000 28.000000 21.000000
0.700000 18.970000 1.018000 37.000000 34.000000 27.000000
0.729000 18.971000 1.042000 36.000000 33.000000 26.000000
0.930000 18.977000 1.046000 34.000000 31.000000 24.000000
0.630000 18.967000 0.997000 42.000000 39.000000 32.000000
0.700000 18.971000 1.073000 45.000000 42.000000 35.000000
0.849000 18.975000 1.049000 35.000000 32.000000 25.000000
0.570000 18.967000 1.071000 33.000000 30.000000 25.000000
0.695000 18.970000 1.053000 39.000000 36.000000 29.000000
0.994000 18.979000 1.066000 34.000000 31.000000 26.000000
0.637000 18.968000 1.029000 30.000000 27.000000 22.000000
0.883000 18.976000 1.065000 38.000000 35.000000 28.000000
0.764000 18.971000 0.989000 36.000000 33.000000 26.000000
0.744000 18.973000 1.086000 42.000000 42.000000 34.000000
0.769000 18.972000 1.047000 37.000000 34.000000 27.000000
0.565000 18.965000 0.980000 36.000000 33.000000 18.000000
0.879000 18.975000 1.034000 36.000000 33.000000 28.000000
0.925000 18.977000 1.051000 35.000000 32.000000 25.000000
0.616000 18.966000 0.959000 41.000000 36.000000 30.000000
0.645000 18.969000 1.061000 45.000000 42.000000 33.000000
0.625000 18.967000 1.010000 31.000000 28.000000 23.000000
0.711000 18.969000 0.972000 37.000000 34.000000 27.000000
0.902000 18.976000 1.049000 35.000000 32.000000 25.000000
0.872000 18.976000 1.067000 38.000000 35.000000 28.000000
0.688000 18.971000 1.073000 47.000000 44.000000 37.000000
0.811000 18.973000 1.027000 36.000000 33.000000 26.000000
0.635000 18.968000 1.028000 29.000000 26.000000 21.000000
0.674000 18.967000 0.960000 39.000000 36.000000 29.000000
0.657000 18.967000 0.980000 39.000000 36.000000 29.000000
0.694000 18.970000 1.032000 40.000000 37.000000 30.000000
0.680000 18.971000 1.079000 48.000000 45.000000 38.000000
0.889000 18.977000 1.087000 34.000000 33.000000 29.000000
0.616000 18.968000 1.029000 29.000000 26.000000 21.000000
0.967000 18.978000 1.056000 33.000000 30.000000 25.000000
1.065000 18.982000 1.089000 30.000000 31.000000 25.000000
0.822000 18.975000 1.085000 38.000000 34.000000 31.000000
0.640000 18.969000 1.063000 44.000000 41.000000 32.000000
0.588000 18.966000 0.994000 26.000000 23.000000 18.000000
0.562000 18.968000 1.083000 72.000000 73.000000 59.000000
0.931000 18.978000 1.090000 26.000000 27.000000 21.000000
0.971000 18.979000 1.076000 35.000000 30.000000 26.000000
0.677000 18.970000 1.060000 45.000000 42.000000 33.000000
0.674000 18.968000 0.991000 38.000000 35.000000 28.000000
0.805000 18.973000 1.024000 36.000000 33.000000 26.000000
0.675000 18.970000 1.066000 46.000000 43.000000 36.000000
0.741000 18.973000 1.083000 41.000000 41.000000 31.000000
0.693000 18.971000 1.089000 43.000000 43.000000 35.000000
0.578000 18.966000 1.018000 37.000000 38.000000 30.000000
0.916000 18.977000 1.081000 35.000000 32.000000 25.000000
0.571000 18.966000 1.012000 55.000000 55.000000 43.000000
0.630000 18.967000 0.984000 40.000000 37.000000 30.000000
0.576000 18.964000 0.930000 71.000000 69.000000 54.000000
0.744000 18.970000 1.005000 36.000000 33.000000 26.000000
0.748000 18.971000 1.023000 36.000000 33.000000 26.000000
0.569000 18.964000 0.960000 41.000000 38.000000 29.000000
0.934000 18.978000 1.082000 34.000000 30.000000 27.000000
0.841000 18.975000 1.080000 36.000000 36.000000 24.000000
0.631000 18.969000 1.067000 47.000000 44.000000 35.000000
0.777000 18.972000 1.012000 36.000000 33.000000 26.000000
0.875000 18.975000 1.022000 34.000000 31.000000 24.000000
0.655000 18.969000 1.026000 42.000000 39.000000 32.000000
1.170000 18.985000 0.929000 96.000000 95.000000 77.000000
1.171000 18.985000 0.928000 96.000000 95.000000 77.000000
1.142000 18.984000 0.928000 63.000000 62.000000 44.000000
1.108000 18.983000 0.927000 133.000000 131.000000 116.000000
1.045000 18.981000 0.927000 139.000000 132.000000 114.000000
1.153000 18.984000 0.932000 30.000000 28.000000 13.000000
1.026000 18.980000 0.930000 42.000000 39.000000 30.000000
1.108000 18.983000 0.932000 35.000000 33.000000 21.000000
1.134000 18.984000 0.932000 39.000000 37.000000 24.000000
1.138000 18.984000 0.931000 30.000000 28.000000 15.000000
0.985000 18.978000 0.928000 96.000000 93.000000 74.000000
0.989000 18.978000 0.930000 31.000000 28.000000 21.000000
0.744000 18.970000 0.977000 36.000000 33.000000 26.000000
0.886000 18.975000 0.949000 29.000000 29.000000 21.000000
1.158000 18.985000 1.053000 31.000000 28.000000 23.000000
0.977000 18.978000 0.948000 32.000000 29.000000 22.000000
1.010000 18.979000 0.996000 32.000000 29.000000 22.000000
0.957000 18.977000 0.939000 32.000000 29.000000 22.000000
1.027000 18.980000 1.063000 34.000000 31.000000 24.000000
1.047000 18.981000 1.068000 34.000000 31.000000 26.000000
0.993000 18.979000 0.934000 32.000000 29.000000 22.000000
1.158000 18.985000 1.079000 36.000000 33.000000 24.000000
1.162000 18.985000 1.021000 32.000000 29.000000 22.000000
1.154000 18.985000 1.065000 35.000000 32.000000 27.000000
0.825000 18.972000 0.929000 51.000000 50.000000 30.000000
0.962000 18.978000 1.024000 31.000000 27.000000 24.000000
1.133000 18.984000 0.967000 33.000000 30.000000 23.000000
0.841000 18.973000 1.000000 35.000000 32.000000 25.000000
1.054000 18.981000 1.032000 32.000000 29.000000 20.000000
1.137000 18.984000 1.005000 33.000000 30.000000 21.000000
1.064000 18.981000 1.004000 32.000000 29.000000 24.000000
1.062000 18.981000 0.944000 31.000000 27.000000 24.000000
1.024000 18.980000 1.051000 32.000000 29.000000 22.000000
1.004000 18.979000 1.000000 32.000000 29.000000 24.000000
1.022000 18.980000 0.959000 32.000000 29.000000 24.000000
1.114000 18.983000 1.034000 31.000000 28.000000 21.000000
1.106000 18.983000 0.983000 33.000000 30.000000 21.000000
1.108000 18.983000 1.045000 32.000000 29.000000 22.000000
0.929000 18.976000 1.007000 33.000000 30.000000 25.000000
1.120000 18.983000 0.948000 34.000000 30.000000 27.000000
0.958000 18.977000 0.935000 33.000000 30.000000 23.000000
1.049000 18.981000 1.053000 33.000000 30.000000 23.000000
0.768000 18.970000 0.933000 39.000000 38.000000 20.000000
0.915000 18.976000 0.949000 32.000000 31.000000 26.000000
0.772000 18.971000 0.929000 103.000000 100.000000 81.000000
0.842000 18.973000 0.996000 35.000000 32.000000 25.000000
0.904000 18.975000 0.945000 29.000000 28.000000 23.000000
0.851000 18.974000 0.990000 34.000000 31.000000 24.000000
0.882000 18.975000 0.980000 34.000000 31.000000 26.000000
1.145000 18.984000 1.004000 34.000000 31.000000 22.000000
0.929000 18.976000 0.964000 32.000000 29.000000 24.000000
0.973000 18.978000 0.962000 32.000000 29.000000 22.000000
1.090000 18.983000 1.087000 31.000000 32.000000 24.000000
0.857000 18.974000 1.013000 35.000000 32.000000 25.000000
0.894000 18.975000 0.957000 33.000000 30.000000 25.000000
1.031000 18.980000 1.040000 32.000000 29.000000 22.000000
1.077000 18.982000 1.063000 34.000000 31.000000 26.000000
0.867000 18.974000 0.953000 33.000000 30.000000 25.000000
1.098000 18.982000 0.943000 35.000000 31.000000 28.000000
0.832000 18.973000 0.964000 34.000000 31.000000 24.000000
0.959000 18.977000 0.940000 32.000000 29.000000 22.000000
0.911000 18.976000 0.969000 32.000000 28.000000 25.000000
0.861000 18.974000 0.966000 33.000000 30.000000 25.000000
1.165000 18.985000 1.059000 31.000000 28.000000 23.000000
1.045000 18.981000 1.072000 33.000000 30.000000 23.000000
0.791000 18.971000 0.970000 34.000000 31.000000 24.000000
0.987000 18.978000 0.947000 31.000000 28.000000 21.000000
0.902000 18.976000 1.020000 34.000000 31.000000 24.000000
0.992000 18.979000 1.006000 31.000000 28.000000 23.000000
0.876000 18.975000 1.006000 34.000000 31.000000 24.000000
0.765000 18.970000 0.955000 35.000000 32.000000 23.000000
1.137000 18.984000 0.936000 32.000000 29.000000 20.000000
0.787000 18.971000 0.946000 34.000000 31.000000 26.000000
0.896000 18.975000 1.003000 32.000000 29.000000 22.000000
1.082000 18.982000 1.051000 31.000000 28.000000 21.000000
0.793000 18.971000 0.928000 123.000000 120.000000 105.000000
0.862000 18.974000 0.960000 34.000000 31.000000 26.000000
1.151000 18.984000 0.977000 34.000000 31.000000 26.000000
0.755000 18.970000 0.938000 33.000000 29.000000 30.000000
0.853000 18.974000 0.971000 34.000000 31.000000 26.000000
0.875000 18.974000 0.996000 34.000000 31.000000 26.000000
0.724000 18.969000 0.955000 35.000000 32.000000 25.000000
1.170000 18.985000 0.959000 33.000000 30.000000 25.000000
0.889000 18.975000 0.944000 31.000000 31.000000 23.000000
1.020000 18.980000 0.956000 32.000000 29.000000 24.000000
1.065000 18.981000 1.031000 31.000000 28.000000 19.000000
0.859000 18.974000 1.012000 35.000000 32.000000 25.000000
0.914000 18.976000 1.026000 33.000000 30.000000 23.000000
0.885000 18.975000 1.012000 33.000000 30.000000 23.000000
1.156000 18.985000 0.999000 33.000000 30.000000 21.000000
0.844000 18.973000 0.977000 33.000000 30.000000 25.000000
0.803000 18.972000 0.951000 35.000000 32.000000 27.000000
1.068000 18.982000 1.074000 36.000000 31.000000 27.000000
0.903000 18.975000 0.950000 31.000000 30.000000 25.000000
0.837000 18.973000 0.963000 35.000000 32.000000 25.000000
1.141000 18.984000 1.024000 31.000000 28.000000 23.000000
0.945000 18.977000 0.969000 31.000000 28.000000 21.000000
1.040000 18.981000 1.053000 33.000000 30.000000 23.000000
0.696000 18.968000 0.952000 38.000000 35.000000 30.000000
0.796000 18.971000 0.965000 35.000000 32.000000 25.000000
0.998000 18.979000 1.005000 31.000000 28.000000 23.000000
1.136000 18.984000 1.087000 34.000000 30.000000 29.000000
0.994000 18.979000 1.022000 31.000000 28.000000 23.000000
1.083000 18.982000 0.953000 31.000000 26.000000 22.000000
0.800000 18.972000 0.967000 34.000000 31.000000 24.000000
1.163000 18.985000 1.025000 35.000000 32.000000 25.000000
0.952000 18.977000 0.953000 32.000000 29.000000 22.000000
0.897000 18.975000 1.017000 34.000000 31.000000 24.000000
0.854000 18.973000 0.938000 33.000000 30.000000 25.000000
1.034000 18.980000 1.058000 31.000000 28.000000 21.000000
1.168000 18.985000 0.961000 33.000000 30.000000 25.000000
0.928000 18.977000 1.037000 34.000000 31.000000 24.000000
1.146000 18.984000 0.965000 35.000000 32.000000 23.000000
0.851000 18.974000 0.983000 35.000000 32.000000 27.000000
0.896000 18.975000 1.019000 33.000000 30.000000 23.000000
1.014000 18.980000 1.046000 32.000000 29.000000 22.000000
0.959000 18.978000 1.013000 31.000000 27.000000 24.000000
0.787000 18.971000 0.980000 35.000000 32.000000 25.000000
1.159000 18.985000 1.056000 30.000000 27.000000 20.000000
0.747000 18.970000 0.934000 36.000000 37.000000 23.000000
1.018000 18.980000 1.069000 34.000000 31.000000 26.000000
0.868000 18.974000 0.965000 33.000000 30.000000 25.000000
0.921000 18.976000 0.952000 33.000000 30.000000 25.000000
1.051000 18.981000 1.022000 32.000000 29.000000 22.000000
0.793000 18.971000 0.941000 36.000000 33.000000 28.000000
1.005000 18.979000 0.993000 32.000000 29.000000 22.000000
0.842000 18.973000 0.943000 32.000000 29.000000 24.000000
1.113000 18.983000 1.006000 33.000000 30.000000 21.000000
1.111000 18.983000 0.950000 34.000000 30.000000 27.000000
1.146000 18.985000 1.081000 35.000000 32.000000 23.000000
1.106000 18.983000 1.092000 28.000000 27.000000 25.000000
1.149000 18.985000 1.073000 36.000000 33.000000 28.000000
0.890000 18.975000 0.957000 33.000000 30.000000 25.000000
1.027000 18.980000 0.959000 32.000000 29.000000 24.000000
0.923000 18.976000 0.948000 32.000000 29.000000 24.000000
0.990000 18.979000 0.996000 32.000000 29.000000 22.000000
0.968000 18.978000 0.985000 32.000000 29.000000 22.000000
0.684000 18.967000 0.927000 119.000000 117.000000 92.000000
0.856000 18.974000 0.948000 34.000000 31.000000 26.000000
0.801000 18.972000 0.947000 35.000000 32.000000 27.000000
1.057000 18.981000 1.053000 32.000000 29.000000 22.000000
0.851000 18.973000 0.957000 35.000000 32.000000 27.000000
1.165000 18.985000 0.987000 36.000000 33.000000 26.000000
0.950000 18.977000 1.010000 32.000000 29.000000 24.000000
1.075000 18.982000 1.005000 32.000000 29.000000 22.000000
0.960000 18.977000 0.932000 31.000000 28.000000 21.000000
1.096000 18.982000 0.964000 33.000000 30.000000 23.000000
0.961000 18.978000 0.988000 31.000000 28.000000 21.000000
1.055000 18.981000 0.973000 32.000000 29.000000 22.000000
0.924000 18.976000 1.013000 33.000000 30.000000 23.000000
0.832000 18.973000 0.940000 34.000000 31.000000 24.000000
1.150000 18.985000 1.050000 32.000000 29.000000 24.000000
1.036000 18.980000 0.990000 32.000000 29.000000 24.000000
1.052000 18.981000 1.070000 33.000000 30.000000 25.000000
1.090000 18.982000 1.054000 32.000000 29.000000 22.000000
1.013000 18.980000 1.020000 31.000000 28.000000 23.000000
0.884000 18.975000 0.960000 33.000000 30.000000 25.000000
0.970000 18.978000 0.987000 32.000000 29.000000 22.000000
1.169000 18.985000 1.047000 28.000000 27.000000 22.000000
0.677000 18.967000 0.945000 37.000000 34.000000 29.000000
0.999000 18.979000 0.966000 31.000000 28.000000 21.000000
1.121000 18.984000 1.074000 34.000000 31.000000 24.000000
0.705000 18.968000 0.963000 37.000000 34.000000 27.000000
1.121000 18.983000 0.937000 32.000000 29.000000 24.000000
1.061000 18.981000 0.940000 31.000000 28.000000 23.000000
0.825000 18.973000 0.959000 36.000000 33.000000 26.000000
0.787000 18.971000 0.986000 35.000000 32.000000 25.000000
1.084000 18.982000 1.057000 32.000000 29.000000 22.000000
1.075000 18.982000 1.057000 32.000000 29.000000 24.000000
1.081000 18.982000 1.046000 31.000000 28.000000 21.000000
0.999000 18.979000 1.060000 31.000000 28.000000 23.000000
0.979000 18.978000 1.034000 32.000000 29.000000 22.000000
0.989000 18.978000 0.960000 31.000000 28.000000 21.000000
1.122000 18.983000 0.936000 35.000000 32.000000 23.000000
0.590000 18.964000 0.927000 136.000000 134.000000 111.000000
0.941000 18.977000 0.972000 31.000000 28.000000 21.000000
0.995000 18.979000 0.962000 32.000000 29.000000 22.000000
0.895000 18.975000 0.931000 37.000000 32.000000 13.000000
0.914000 18.976000 0.930000 36.000000 31.000000 12.000000
1.030000 18.980000 1.025000 32.000000 29.000000 20.000000
1.016000 18.980000 1.017000 31.000000 28.000000 19.000000
0.810000 18.972000 0.979000 35.000000 32.000000 25.000000
0.981000 18.978000 0.967000 31.000000 28.000000 21.000000
1.042000 18.981000 1.022000 32.000000 29.000000 22.000000
0.843000 18.973000 0.966000 34.000000 31.000000 26.000000
1.098000 18.982000 0.962000 33.000000 30.000000 23.000000
1.110000 18.983000 0.998000 33.000000 30.000000 21.000000
1.134000 18.984000 0.951000 33.000000 30.000000 25.000000
1.023000 18.980000 0.971000 32.000000 29.000000 22.000000
0.952000 18.977000 0.995000 32.000000 29.000000 24.000000
0.805000 18.972000 0.961000 35.000000 32.000000 25.000000
1.106000 18.983000 0.973000 33.000000 32.000000 28.000000
0.795000 18.971000 0.960000 35.000000 32.000000 25.000000
0.980000 18.978000 1.019000 30.000000 27.000000 22.000000
0.787000 18.971000 0.945000 34.000000 31.000000 26.000000
1.055000 18.981000 1.000000 32.000000 29.000000 22.000000
0.847000 18.973000 0.963000 34.000000 31.000000 26.000000
1.041000 18.981000 1.055000 32.000000 29.000000 22.000000
0.830000 18.973000 0.941000 34.000000 31.000000 24.000000
1.124000 18.984000 1.020000 32.000000 29.000000 24.000000
1.155000 18.985000 1.091000 33.000000 29.000000 30.000000
1.034000 18.980000 0.942000 32.000000 29.000000 22.000000
1.001000 18.979000 1.004000 32.000000 29.000000 24.000000
1.010000 18.979000 0.977000 32.000000 29.000000 22.000000
0.816000 18.972000 0.945000 34.000000 31.000000 26.000000
1.153000 18.984000 0.941000 34.000000 31.000000 26.000000
0.993000 18.979000 1.053000 32.000000 29.000000 22.000000
0.907000 18.976000 1.001000 34.000000 31.000000 24.000000
1.128000 18.984000 1.011000 32.000000 29.000000 22.000000
1.032000 18.980000 1.023000 32.000000 29.000000 20.000000
0.915000 18.976000 0.936000 34.000000 31.000000 26.000000
0.800000 18.972000 0.938000 35.000000 32.000000 27.000000
1.087000 18.982000 1.003000 33.000000 30.000000 23.000000
1.157000 18.985000 0.969000 34.000000 30.000000 27.000000
0.931000 18.977000 1.029000 33.000000 30.000000 23.000000
1.036000 18.980000 0.991000 31.000000 28.000000 23.000000
1.035000 18.980000 0.964000 32.000000 29.000000 24.000000
1.046000 18.981000 0.999000 33.000000 30.000000 23.000000
0.923000 18.976000 0.954000 32.000000 29.000000 24.000000
0.969000 18.978000 1.021000 30.000000 27.000000 22.000000
0.897000 18.975000 0.937000 33.000000 32.000000 27.000000
0.950000 18.977000 0.962000 32.000000 29.000000 22.000000
0.910000 18.976000 0.938000 30.000000 29.000000 24.000000
0.804000 18.972000 0.936000 37.000000 34.000000 29.000000
0.771000 18.971000 0.954000 37.000000 34.000000 25.000000
1.101000 18.983000 1.084000 31.000000 31.000000 19.000000
1.069000 18.982000 1.022000 32.000000 29.000000 24.000000
1.079000 18.982000 1.033000 31.000000 28.000000 21.000000
1.164000 18.985000 1.013000 30.000000 27.000000 18.000000
1.130000 18.984000 1.064000 34.000000 31.000000 24.000000
0.888000 18.975000 1.008000 33.000000 30.000000 23.000000
0.930000 18.976000 0.968000 32.000000 29.000000 24.000000
0.918000 18.976000 1.028000 33.000000 30.000000 21.000000
1.085000 18.982000 0.980000 32.000000 29.000000 22.000000
0.973000 18.978000 0.998000 31.000000 28.000000 21.000000
1.074000 18.982000 0.960000 31.000000 28.000000 21.000000
0.960000 18.977000 0.981000 32.000000 29.000000 22.000000
1.119000 18.983000 0.994000 32.000000 29.000000 20.000000
0.859000 18.974000 0.964000 33.000000 30.000000 25.000000
1.083000 18.982000 1.016000 31.000000 28.000000 21.000000
0.904000 18.975000 0.949000 30.000000 29.000000 24.000000
1.013000 18.979000 0.945000 33.000000 30.000000 23.000000
1.124000 18.983000 0.984000 33.000000 30.000000 23.000000
1.162000 18.985000 0.943000 38.000000 33.000000 29.000000
1.081000 18.982000 1.056000 32.000000 29.000000 22.000000
1.137000 18.984000 1.070000 35.000000 31.000000 28.000000
0.837000 18.973000 0.934000 36.000000 33.000000 26.000000
1.140000 18.984000 1.052000 32.000000 29.000000 22.000000
0.629000 18.965000 0.935000 45.000000 45.000000 33.000000
0.767000 18.970000 0.947000 36.000000 33.000000 28.000000
1.151000 18.985000 1.012000 32.000000 29.000000 22.000000
0.838000 18.973000 0.975000 34.000000 31.000000 24.000000
1.109000 18.983000 1.052000 32.000000 29.000000 22.000000
1.046000 18.981000 0.967000 32.000000 29.000000 22.000000
1.170000 18.985000 1.019000 31.000000 27.000000 24.000000
1.041000 18.980000 0.977000 32.000000 29.000000 24.000000
0.773000 18.971000 0.957000 36.000000 33.000000 26.000000
0.845000 18.973000 0.958000 34.000000 31.000000 26.000000
1.065000 18.981000 0.960000 31.000000 28.000000 21.000000
1.110000 18.983000 1.030000 31.000000 28.000000 23.000000
1.042000 18.980000 0.979000 32.000000 29.000000 24.000000
1.030000 18.980000 1.053000 32.000000 29.000000 22.000000
0.651000 18.966000 0.929000 80.000000 78.000000 57.000000
0.854000 18.974000 1.008000 34.000000 31.000000 24.000000
1.024000 18.980000 1.062000 33.000000 30.000000 23.000000
0.634000 18.965000 0.928000 140.000000 134.000000 110.000000
1.149000 18.985000 1.029000 31.000000 28.000000 23.000000
1.034000 18.980000 1.000000 32.000000 29.000000 22.000000
1.171000 18.985000 1.029000 33.000000 32.000000 27.000000
1.019000 18.980000 0.952000 32.000000 29.000000 24.000000
1.162000 18.985000 0.985000 34.000000 31.000000 24.000000
1.137000 18.984000 0.982000 33.000000 30.000000 23.000000
1.139000 18.984000 1.041000 31.000000 28.000000 21.000000
0.817000 18.972000 0.935000 36.000000 33.000000 28.000000
0.980000 18.978000 1.046000 32.000000 29.000000 22.000000
0.741000 18.969000 0.937000 36.000000 37.000000 23.000000
0.918000 18.976000 1.018000 34.000000 31.000000 24.000000
0.943000 18.977000 0.929000 52.000000 49.000000 32.000000
1.051000 18.981000 0.964000 32.000000 29.000000 24.000000
1.019000 18.980000 1.043000 32.000000 29.000000 22.000000
0.825000 18.973000 0.981000 36.000000 33.000000 26.000000
0.897000 18.975000 0.969000 32.000000 28.000000 25.000000
0.954000 18.977000 0.972000 32.000000 29.000000 22.000000
1.050000 18.981000 1.020000 32.000000 29.000000 22.000000
1.047000 18.981000 1.055000 32.000000 29.000000 22.000000
0.963000 18.978000 1.036000 32.000000 29.000000 22.000000
1.067000 18.982000 1.083000 32.000000 32.000000 22.000000
1.093000 18.983000 1.060000 32.000000 29.000000 22.000000
0.944000 18.977000 1.027000 32.000000 29.000000 22.000000
0.845000 18.973000 0.946000 34.000000 31.000000 26.000000
1.060000 18.981000 0.938000 31.000000 28.000000 21.000000
0.965000 18.978000 0.987000 32.000000 29.000000 22.000000
1.026000 18.980000 0.987000 32.000000 29.000000 24.000000
1.137000 18.984000 1.034000 33.000000 30.000000 23.000000
0.930000 18.976000 0.992000 32.000000 29.000000 24.000000
1.030000 18.980000 0.999000 32.000000 29.000000 22.000000
0.912000 18.976000 1.030000 34.000000 31.000000 22.000000
1.017000 18.979000 0.953000 32.000000 29.000000 24.000000
1.105000 18.983000 0.997000 32.000000 29.000000 20.000000
0.927000 18.976000 1.037000 34.000000 31.000000 24.000000
1.158000 18.985000 0.980000 33.000000 30.000000 23.000000
0.932000 18.976000 0.963000 32.000000 29.000000 24.000000
0.793000 18.971000 0.927000 123.000000 120.000000 105.000000
0.916000 18.976000 1.004000 33.000000 30.000000 23.000000
0.998000 18.979000 1.030000 31.000000 28.000000 21.000000
0.766000 18.970000 0.968000 36.000000 33.000000 28.000000
0.885000 18.975000 0.979000 34.000000 31.000000 26.000000
0.815000 18.972000 0.930000 45.000000 42.000000 27.000000
1.043000 18.980000 0.949000 34.000000 31.000000 26.000000
1.142000 18.984000 1.047000 31.000000 28.000000 23.000000
0.667000 18.967000 0.952000 39.000000 36.000000 29.000000
1.095000 18.982000 0.969000 31.000000 30.000000 26.000000
0.926000 18.976000 0.977000 33.000000 30.000000 25.000000
1.141000 18.984000 1.092000 33.000000 29.000000 30.000000
0.686000 18.967000 0.927000 121.000000 119.000000 94.000000
1.047000 18.981000 1.066000 34.000000 31.000000 26.000000
0.919000 18.976000 1.022000 33.000000 30.000000 23.000000
0.859000 18.974000 0.965000 33.000000 30.000000 25.000000
0.923000 18.976000 0.987000 32.000000 28.000000 25.000000
0.980000 18.978000 0.966000 31.000000 28.000000 21.000000
0.865000 18.974000 0.974000 33.000000 30.000000 25.000000
1.106000 18.983000 0.993000 32.000000 29.000000 20.000000
0.742000 18.970000 0.964000 35.000000 32.000000 27.000000
0.639000 18.966000 0.930000 67.000000 65.000000 44.000000
0.809000 18.972000 0.933000 41.000000 39.000000 26.000000
0.994000 18.979000 1.021000 31.000000 28.000000 23.000000
1.137000 18.984000 1.081000 36.000000 33.000000 24.000000
0.797000 18.972000 0.982000 36.000000 33.000000 26.000000
1.038000 18.980000 0.939000 32.000000 29.000000 22.000000
0.960000 18.977000 0.936000 34.000000 31.000000 24.000000
0.897000 18.975000 0.967000 32.000000 28.000000 25.000000
0.992000 18.979000 1.049000 32.000000 29.000000 22.000000
1.010000 18.979000 0.976000 32.000000 29.000000 22.000000
0.841000 18.973000 1.007000 35.000000 32.000000 25.000000
0.956000 18.977000 0.955000 33.000000 30.000000 23.000000
0.896000 18.975000 0.970000 32.000000 28.000000 25.000000
0.800000 18.972000 0.985000 36.000000 33.000000 26.000000
1.094000 18.982000 1.014000 32.000000 29.000000 22.000000
1.169000 18.985000 0.985000 36.000000 32.000000 29.000000
0.746000 18.970000 0.970000 35.000000 32.000000 27.000000
1.082000 18.982000 1.071000 36.000000 28.000000 26.000000
0.864000 18.974000 0.946000 34.000000 31.000000 26.000000
1.016000 18.980000 1.067000 34.000000 31.000000 26.000000
0.902000 18.975000 0.964000 32.000000 28.000000 25.000000
1.078000 18.982000 1.032000 31.000000 28.000000 21.000000
1.138000 18.984000 0.949000 33.000000 30.000000 25.000000
1.086000 18.982000 0.978000 32.000000 29.000000 22.000000
1.139000 18.984000 0.964000 34.000000 31.000000 24.000000
0.860000 18.974000 1.000000 34.000000 31.000000 24.000000
1.082000 18.982000 0.959000 33.000000 30.000000 23.000000
1.040000 18.981000 1.053000 33.000000 30.000000 23.000000
1.045000 18.980000 0.946000 29.000000 26.000000 21.000000
1.130000 18.984000 0.997000 33.000000 30.000000 21.000000
0.918000 18.976000 1.025000 33.000000 30.000000 23.000000
1.115000 18.983000 0.978000 32.000000 29.000000 24.000000
1.034000 18.980000 0.960000 32.000000 29.000000 24.000000
1.156000 18.984000 0.956000 33.000000 30.000000 21.000000
1.090000 18.982000 1.037000 32.000000 29.000000 22.000000
0.754000 18.970000 0.960000 35.000000 32.000000 23.000000
0.761000 18.970000 0.974000 36.000000 33.000000 28.000000
0.729000 18.969000 0.943000 35.000000 31.000000 28.000000
1.097000 18.982000 0.975000 34.000000 31.000000 22.000000
0.713000 18.968000 0.936000 42.000000 40.000000 28.000000
0.916000 18.976000 0.989000 32.000000 29.000000 24.000000
0.855000 18.974000 0.968000 34.000000 31.000000 26.000000
0.985000 18.979000 1.036000 32.000000 29.000000 22.000000
0.898000 18.975000 1.019000 34.000000 31.000000 24.000000
1.037000 18.980000 0.946000 27.000000 24.000000 19.000000
0.880000 18.975000 0.954000 31.000000 31.000000 23.000000
1.112000 18.983000 1.052000 31.000000 28.000000 21.000000
1.033000 18.980000 1.036000 32.000000 29.000000 20.000000
1.119000 18.983000 0.942000 34.000000 30.000000 27.000000
1.077000 18.982000 1.000000 33.000000 30.000000 23.000000
0.696000 18.968000 0.958000 37.000000 34.000000 27.000000
1.152000 18.985000 1.026000 32.000000 29.000000 24.000000
1.146000 18.984000 1.029000 31.000000 28.000000 23.000000
0.933000 18.977000 1.006000 33.000000 30.000000 25.000000
1.023000 18.980000 0.959000 32.000000 29.000000 24.000000
1.081000 18.982000 1.057000 32.000000 29.000000 24.000000
0.971000 18.978000 1.006000 31.000000 28.000000 23.000000
0.917000 18.976000 1.034000 34.000000 31.000000 22.000000
0.821000 18.972000 0.931000 55.000000 54.000000 34.000000
0.829000 18.973000 0.976000 35.000000 32.000000 25.000000
0.689000 18.968000 0.928000 121.000000 119.000000 94.000000
1.104000 18.983000 1.039000 32.000000 29.000000 24.000000
1.044000 18.981000 1.003000 32.000000 29.000000 22.000000
1.106000 18.983000 0.979000 33.000000 30.000000 21.000000
0.856000 18.974000 0.951000 33.000000 30.000000 25.000000
0.940000 18.977000 1.018000 32.000000 29.000000 24.000000
1.022000 18.980000 0.962000 33.000000 30.000000 25.000000
1.019000 18.979000 0.937000 31.000000 28.000000 19.000000
0.905000 18.976000 1.031000 34.000000 31.000000 22.000000
0.739000 18.969000 0.940000 34.000000 30.000000 29.000000
1.108000 18.983000 1.049000 32.000000 29.000000 22.000000
1.079000 18.982000 1.023000 32.000000 29.000000 22.000000
1.023000 18.980000 1.048000 32.000000 29.000000 22.000000
1.142000 18.984000 0.942000 33.000000 30.000000 25.000000
1.029000 18.980000 0.950000 30.000000 27.000000 22.000000
1.024000 18.980000 1.014000 31.000000 28.000000 19.000000
0.995000 18.979000 0.985000 32.000000 29.000000 22.000000
0.998000 18.979000 1.047000 32.000000 29.000000 22.000000
1.007000 18.979000 0.939000 32.000000 29.000000 22.000000
0.893000 18.975000 0.994000 34.000000 31.000000 26.000000
0.775000 18.971000 0.927000 134.000000 129.000000 107.000000
0.783000 18.971000 0.986000 35.000000 32.000000 25.000000
1.095000 18.983000 1.029000 32.000000 29.000000 24.000000
0.935000 18.977000 0.958000 33.000000 30.000000 23.000000
1.144000 18.984000 0.941000 36.000000 33.000000 28.000000
1.070000 18.982000 1.067000 33.000000 30.000000 25.000000
1.093000 18.982000 1.022000 32.000000 29.000000 22.000000
1.005000 18.979000 1.023000 31.000000 28.000000 23.000000
0.968000 18.978000 1.005000 31.000000 28.000000 23.000000
1.129000 18.984000 1.029000 32.000000 29.000000 22.000000
1.110000 18.983000 1.013000 32.000000 29.000000 22.000000
0.897000 18.975000 0.972000 32.000000 28.000000 25.000000
0.868000 18.974000 0.989000 34.000000 31.000000 24.000000
0.934000 18.976000 0.964000 32.000000 29.000000 24.000000
0.928000 18.976000 0.992000 32.000000 29.000000 24.000000
1.022000 18.980000 0.973000 32.000000 29.000000 22.000000
1.107000 18.983000 1.036000 32.000000 29.000000 24.000000
0.930000 18.976000 0.990000 32.000000 29.000000 24.000000
1.113000 18.983000 1.010000 32.000000 29.000000 22.000000
0.697000 18.968000 0.938000 37.000000 34.000000 29.000000
1.150000 18.985000 1.029000 31.000000 28.000000 23.000000
0.794000 18.971000 0.934000 37.000000 37.000000 27.000000
1.155000 18.984000 0.943000 32.000000 29.000000 24.000000
1.103000 18.983000 0.935000 33.000000 30.000000 23.000000
1.030000 18.980000 1.030000 32.000000 29.000000 20.000000
0.975000 18.978000 0.988000 32.000000 29.000000 22.000000
0.919000 18.976000 0.959000 32.000000 29.000000 24.000000
1.146000 18.984000 1.010000 33.000000 30.000000 23.000000
0.910000 18.976000 1.031000 34.000000 31.000000 22.000000
0.734000 18.969000 0.928000 136.000000 129.000000 110.000000
1.091000 18.983000 1.070000 36.000000 28.000000 26.000000
0.850000 18.973000 0.935000 35.000000 32.000000 27.000000
0.927000 18.976000 0.960000 31.000000 28.000000 23.000000
0.827000 18.973000 1.004000 36.000000 33.000000 26.000000
1.057000 18.981000 1.039000 32.000000 29.000000 22.000000
1.027000 18.980000 0.974000 32.000000 29.000000 22.000000
1.044000 18.981000 1.026000 32.000000 29.000000 20.000000
0.971000 18.978000 0.947000 32.000000 29.000000 22.000000
1.054000 18.981000 0.957000 32.000000 29.000000 24.000000
1.007000 18.979000 1.064000 34.000000 31.000000 26.000000
0.706000 18.968000 0.955000 38.000000 35.000000 30.000000
1.164000 18.985000 1.061000 33.000000 30.000000 23.000000
0.892000 18.975000 0.952000 31.000000 30.000000 25.000000
1.160000 18.985000 1.026000 28.000000 25.000000 18.000000
1.020000 18.980000 0.988000 32.000000 29.000000 24.000000
1.106000 18.983000 0.995000 32.000000 29.000000 20.000000
1.124000 18.984000 1.051000 31.000000 28.000000 21.000000
1.034000 18.980000 1.025000 32.000000 29.000000 20.000000
0.905000 18.976000 0.993000 34.000000 31.000000 26.000000
0.813000 18.972000 0.990000 36.000000 33.000000 26.000000
1.160000 18.985000 1.068000 32.000000 32.000000 20.000000
0.873000 18.974000 0.982000 34.000000 31.000000 26.000000
0.965000 18.978000 0.998000 31.000000 28.000000 21.000000
0.833000 18.973000 0.943000 34.000000 31.000000 24.000000
1.077000 18.982000 0.964000 32.000000 29.000000 22.000000
0.771000 18.971000 0.972000 36.000000 33.000000 28.000000
1.165000 18.985000 1.056000 41.000000 38.000000 33.000000
0.756000 18.970000 0.942000 33.000000 29.000000 28.000000
0.735000 18.969000 0.942000 35.000000 31.000000 30.000000
0.847000 18.973000 0.951000 33.000000 30.000000 25.000000
0.756000 18.970000 0.930000 76.000000 73.000000 54.000000
1.041000 18.981000 1.070000 33.000000 30.000000 25.000000
1.148000 18.984000 0.997000 34.000000 31.000000 22.000000
0.881000 18.975000 0.953000 31.000000 31.000000 23.000000
1.155000 18.985000 0.970000 34.000000 31.000000 24.000000
0.772000 18.971000 0.963000 35.000000 32.000000 25.000000
1.045000 18.981000 1.048000 34.000000 31.000000 24.000000
0.883000 18.975000 0.975000 33.000000 30.000000 25.000000
1.086000 18.982000 0.977000 32.000000 29.000000 22.000000
0.931000 18.977000 1.004000 33.000000 30.000000 25.000000
0.799000 18.971000 0.935000 35.000000 32.000000 27.000000
0.957000 18.977000 0.960000 32.000000 29.000000 22.000000
0.822000 18.972000 0.930000 45.000000 44.000000 24.000000
1.146000 18.985000 1.083000 35.000000 32.000000 23.000000
0.740000 18.969000 0.954000 34.000000 31.000000 22.000000
1.068000 18.982000 1.010000 32.000000 29.000000 24.000000
1.012000 18.979000 0.960000 32.000000 29.000000 24.000000
0.985000 18.978000 0.991000 32.000000 29.000000 22.000000
1.134000 18.984000 1.094000 16.000000 15.000000 11.000000
0.981000 18.978000 0.933000 33.000000 30.000000 23.000000
0.994000 18.979000 0.988000 32.000000 29.000000 22.000000
0.985000 18.979000 1.042000 31.000000 28.000000 21.000000
1.122000 18.983000 0.994000 33.000000 30.000000 21.000000
1.090000 18.982000 1.007000 32.000000 29.000000 22.000000
1.053000 18.981000 1.060000 34.000000 31.000000 24.000000
0.822000 18.972000 0.970000 33.000000 30.000000 23.000000
0.774000 18.971000 0.961000 34.000000 31.000000 24.000000
1.085000 18.982000 1.066000 33.000000 30.000000 23.000000
1.131000 18.984000 0.945000 33.000000 29.000000 26.000000
1.123000 18.983000 1.004000 33.000000 30.000000 21.000000
0.918000 18.976000 0.995000 32.000000 29.000000 24.000000
0.809000 18.972000 0.983000 36.000000 33.000000 26.000000
0.809000 18.972000 0.942000 35.000000 32.000000 27.000000
0.995000 18.979000 1.001000 32.000000 29.000000 24.000000
1.167000 18.985000 0.963000 35.000000 32.000000 27.000000
0.881000 18.975000 1.019000 34.000000 31.000000 24.000000
0.741000 18.969000 0.943000 35.000000 31.000000 28.000000
0.928000 18.976000 0.949000 32.000000 29.000000 24.000000
1.038000 18.980000 0.980000 32.000000 29.000000 24.000000
1.077000 18.982000 1.060000 33.000000 30.000000 25.000000
0.829000 18.973000 0.999000 36.000000 33.000000 26.000000
1.045000 18.981000 0.959000 33.000000 30.000000 25.000000
1.006000 18.979000 0.933000 32.000000 29.000000 22.000000
0.936000 18.977000 1.011000 32.000000 29.000000 24.000000
1.117000 18.983000 0.963000 33.000000 30.000000 23.000000
0.851000 18.974000 1.006000 35.000000 32.000000 25.000000
1.010000 18.979000 0.950000 32.000000 29.000000 22.000000
1.062000 18.981000 1.053000 32.000000 29.000000 22.000000
0.896000 18.975000 0.936000 33.000000 32.000000 27.000000
0.978000 18.978000 0.939000 32.000000 29.000000 22.000000
1.107000 18.983000 1.086000 32.000000 33.000000 25.000000
1.120000 18.984000 1.074000 34.000000 31.000000 24.000000
0.949000 18.977000 0.996000 32.000000 29.000000 24.000000
0.761000 18.970000 0.941000 33.000000 29.000000 28.000000
1.008000 18.979000 0.980000 32.000000 29.000000 22.000000
0.801000 18.972000 0.968000 34.000000 31.000000 24.000000
1.120000 18.984000 1.094000 18.000000 17.000000 12.000000
1.043000 18.981000 1.020000 32.000000 29.000000 22.000000
0.795000 18.971000 0.951000 37.000000 34.000000 29.000000
0.822000 18.972000 0.956000 36.000000 33.000000 26.000000
0.678000 18.967000 0.944000 37.000000 34.000000 29.000000
1.021000 18.980000 1.005000 33.000000 30.000000 23.000000
0.727000 18.969000 0.970000 36.000000 33.000000 28.000000
1.157000 18.985000 1.030000 31.000000 28.000000 23.000000
1.059000 18.981000 0.962000 33.000000 30.000000 25.000000
0.990000 18.978000 0.951000 34.000000 31.000000 24.000000
1.101000 18.983000 0.960000 33.000000 30.000000 23.000000
1.006000 18.979000 1.029000 31.000000 28.000000 21.000000
0.750000 18.970000 0.944000 34.000000 30.000000 27.000000
0.798000 18.971000 0.929000 42.000000 40.000000 28.000000
1.167000 18.985000 1.011000 32.000000 29.000000 22.000000
1.116000 18.983000 1.059000 33.000000 30.000000 23.000000
1.108000 18.983000 0.982000 33.000000 30.000000 21.000000
0.952000 18.977000 0.948000 32.000000 29.000000 22.000000
0.953000 18.977000 0.949000 33.000000 30.000000 23.000000
1.134000 18.984000 1.062000 34.000000 31.000000 24.000000
1.104000 18.983000 0.999000 32.000000 29.000000 20.000000
0.782000 18.971000 0.976000 35.000000 32.000000 25.000000
0.632000 18.965000 0.935000 45.000000 45.000000 33.000000
1.135000 18.984000 1.083000 33.000000 30.000000 21.000000
0.955000 18.977000 0.946000 33.000000 30.000000 23.000000
1.100000 18.983000 0.979000 34.000000 31.000000 22.000000
0.835000 18.973000 0.992000 35.000000 32.000000 25.000000
1.169000 18.985000 0.996000 38.000000 34.000000 31.000000
1.049000 18.981000 0.954000 32.000000 29.000000 24.000000
1.024000 18.980000 0.937000 33.000000 30.000000 23.000000
0.728000 18.969000 0.955000 37.000000 34.000000 25.000000
0.983000 18.978000 0.975000 32.000000 29.000000 22.000000
1.109000 18.983000 0.947000 34.000000 30.000000 27.000000
0.974000 18.978000 0.959000 32.000000 29.000000 22.000000
0.998000 18.979000 1.029000 31.000000 28.000000 21.000000
0.719000 18.969000 0.932000 44.000000 40.000000 28.000000
1.004000 18.979000 0.951000 32.000000 29.000000 22.000000
0.842000 18.973000 1.006000 35.000000 32.000000 25.000000
0.973000 18.978000 1.026000 31.000000 28.000000 21.000000
1.197000 18.996000 1.033000 58.000000 56.000000 57.000000
1.186000 18.993000 1.064000 24.000000 25.000000 20.000000
1.178000 18.986000 0.984000 21.000000 19.000000 20.000000
1.198000 18.995000 0.981000 19.000000 19.000000 21.000000
1.180000 18.991000 1.076000 31.000000 27.000000 26.000000
1.182000 18.991000 1.061000 6.000000 7.000000 2.000000
1.190000 18.992000 1.003000 15.000000 15.000000 17.000000
1.190000 18.992000 1.016000 120.000000 119.000000 124.000000
1.172000 18.988000 1.073000 73.000000 69.000000 66.000000
1.173000 18.988000 1.060000 68.000000 67.000000 62.000000
1.175000 18.988000 1.058000 49.000000 48.000000 44.000000
1.194000 18.994000 1.009000 14.000000 14.000000 16.000000
1.198000 18.996000 1.024000 28.000000 26.000000 27.000000
1.198000 18.994000 0.960000 19.000000 21.000000 20.000000
1.189000 18.993000 1.032000 72.000000 72.000000 72.000000
1.175000 18.987000 1.037000 74.000000 73.000000 69.000000
1.189000 18.990000 0.952000 99.000000 99.000000 99.000000
1.182000 18.988000 0.978000 14.000000 12.000000 13.000000
1.173000 18.986000 1.037000 35.000000 34.000000 29.000000
1.176000 18.989000 1.077000 33.000000 29.000000 30.000000
1.169000 18.986000 1.068000 32.000000 29.000000 24.000000
1.176000 18.988000 1.051000 70.000000 69.000000 65.000000
1.173000 18.987000 1.047000 43.000000 42.000000 37.000000
1.185000 18.990000 0.999000 64.000000 63.000000 68.000000
1.171000 18.986000 1.057000 45.000000 44.000000 39.000000
1.196000 18.996000 1.034000 55.000000 55.000000 55.000000
1.198000 18.996000 1.022000 28.000000 26.000000 27.000000
1.181000 18.990000 1.031000 12.000000 12.000000 10.000000
1.189000 18.991000 0.988000 167.000000 167.000000 169.000000
1.192000 18.994000 1.031000 18.000000 18.000000 18.000000
1.186000 18.989000 0.959000 156.000000 156.000000 154.000000
1.197000 18.996000 1.026000 19.000000 17.000000 18.000000
1.193000 18.994000 1.028000 7.000000 7.000000 7.000000
1.199000 18.995000 0.992000 25.000000 26.000000 28.000000
1.171000 18.986000 1.048000 43.000000 42.000000 37.000000
1.186000 18.988000 0.951000 119.000000 119.000000 117.000000
1.185000 18.992000 1.059000 32.000000 33.000000 28.000000
1.179000 18.990000 1.079000 34.000000 30.000000 31.000000
1.175000 18.989000 1.075000 31.000000 27.000000 26.000000
1.194000 18.993000 0.983000 14.000000 14.000000 16.000000
1.177000 18.989000 1.072000 30.000000 26.000000 23.000000
1.196000 18.993000 0.973000 11.000000 11.000000 13.000000
1.187000 18.993000 1.060000 36.000000 37.000000 32.000000
1.174000 18.989000 1.084000 23.000000 18.000000 22.000000
1.188000 18.994000 1.075000 39.000000 36.000000 29.000000
1.192000 18.995000 1.076000 47.000000 47.000000 39.000000
1.193000 18.995000 1.068000 66.000000 66.000000 56.000000
1.195000 18.995000 1.089000 97.000000 95.000000 83.000000
1.199000 18.997000 1.048000 54.000000 53.000000 49.000000
1.194000 18.995000 1.077000 52.000000 51.000000 46.000000
1.183000 18.992000 1.092000 126.000000 122.000000 111.000000
1.195000 18.996000 1.054000 65.000000 66.000000 61.000000
